t,v,w,x,y,theta
5,0,0,0.980352724212024,-4.99240668798403,1.44894270118274
5.5,0,0,0.98036129604702,-4.9924259854396,1.44886608567113
6,0,0,0.98039034766381,-4.99241717749312,1.44863349454656
6.5,0,0,0.980380340794846,-4.99241978312593,1.44871145456656
7,0,0,0.980373607785348,-4.99241723157893,1.44871663549832
7.5,0,0,0.980375099212228,-4.9924427842119,1.44874580188976
8,0,0,0.980395491937839,-4.99245421719497,1.44876195930124
8.5,0,0,0.980385244615889,-4.99246333644291,1.44880341322366
9,0,0,0.980394844762133,-4.9924759989066,1.44881343740312
9.5,0,0,0.980391634089489,-4.99246315535709,1.44878319969211
10,0,0,0.980398487958164,-4.99252669450827,1.44875560413218
10.5,0,0,0.9804035571631,-4.99250277574075,1.44880466094655
11,0,0,0.980419909420228,-4.99249931773554,1.44883943487141
11.5,0,0,0.980409943809872,-4.99247635551444,1.44882757134942
12,0,0,0.980416184895553,-4.99249806751418,1.44881624913994
12.5,0,0,0.98041672388371,-4.99250649920627,1.44883183076287
13,0,0,0.9804297025118,-4.99253702667662,1.44882505984153
13.5,0,0,0.980438320280879,-4.99256494443071,1.44891563829537
14,0,0,0.980444797294312,-4.99253362248337,1.44890281989303
14.5,0,0,0.980431001022885,-4.9925270893942,1.44890485288145
15,0,0,0.980440374963978,-4.99250791308069,1.44881647534923
15.5,0,0,0.980418062147831,-4.99250589242661,1.44884993453681
16,0,0,0.980404124977858,-4.99250084698819,1.4488011779571
16.5,0,0,0.980404769785692,-4.99249007535269,1.4487403249123
17,0,0,0.980397248969455,-4.99250175180074,1.44875175241577
17.5,0,0,0.980403820663651,-4.99248656651089,1.44873749096597
18,0,0,0.980395274523534,-4.99248197349874,1.44878087575237
18.5,0,0,0.980403160631015,-4.99246654827875,1.44875454599787
19,0,0,0.980395432510551,-4.99245258640798,1.44880959477976
19.5,0,0,0.980386182812333,-4.99244291456751,1.44880593772186
20,0,0,0.98041130881969,-4.99248099442871,1.44874322757017
20.5,0,0,0.980409963160044,-4.99248479144472,1.4487085970531
21,0,0,0.980399659361354,-4.99245124458772,1.44870882278461
21.5,0,0,0.980394550454209,-4.99240994982057,1.448587615296
22,0,0,0.980370174523536,-4.99238714016427,1.4484944786893
22.5,0,0,0.980355459669179,-4.99236335579416,1.4485441755934
23,0,0,0.980366897966463,-4.99236653278434,1.44865697915156
23.5,0,0,0.980386812610945,-4.99240404029325,1.44860520407621
24,0,0,0.980385359088439,-4.992425385007,1.44856438343656
24.5,0,0,0.98038611794139,-4.99240485929552,1.44855942391593
25,0,0,0.980377241282546,-4.99239044396714,1.44854519742519
25.5,0,0,0.980380625031649,-4.99241063059304,1.44859213484966
26,0,0,0.980384076191642,-4.99242712746787,1.44863075486912
26.5,0,0,0.980390508466748,-4.99244169023672,1.4486264078936
27,0,0,0.980393484005409,-4.99243678543759,1.44869030405517
27.5,0,0,0.980395492629313,-4.99244691193608,1.44876337245394
28,0,0,0.980392428033411,-4.99243886883365,1.44878453530124
28.5,0,0,0.980397480865996,-4.99242524571324,1.44884331440535
29,0,0,0.980396122446205,-4.99242433279059,1.44884976953311
29.5,0,0,0.980389350423024,-4.99242885801992,1.44873322653229
30,0,0,0.980396709788512,-4.99244005800083,1.44878602519092
30.5,0,0,0.980398640808334,-4.99244777724739,1.44876327990748
31,0,0,0.980403136950848,-4.99246172209122,1.44874288692063
31.5,0,0,0.980401234964795,-4.99246441393647,1.44878387294327
32,0,0,0.980399989491046,-4.99247411330615,1.4487489911143
32.5,0,0,0.980401677768111,-4.99249154332351,1.4488227944718
33,0,0,0.980417937061895,-4.99251536297717,1.44879782382808
33.5,0,0,0.980403058451167,-4.99250280446424,1.44871175928252
34,0,0,0.980398990135999,-4.99247377503423,1.44876887159034
34.5,0,0,0.980408938060552,-4.99247692888546,1.44877972278876
35,0,0,0.980411215785705,-4.99247372707158,1.44883540645229
35.5,0,0,0.980403851602012,-4.99248883821383,1.44878576466275
36,0,0,0.980397666797686,-4.99249311162758,1.44879226265203
36.5,0,0,0.980383827865924,-4.99247466740909,1.44882011365378
37,0,0,0.980395490670324,-4.99248333145009,1.44878301468404
37.5,0,0,0.980368055283391,-4.9924849308165,1.44880757755892
38,0,0,0.980363525662672,-4.99248101234814,1.44881431093977
38.5,0,0,0.980364307596129,-4.99246365411051,1.44879913418362
39,0,0,0.980406286691377,-4.99247596300712,1.44879617522198
39.5,0,0,0.980393974563018,-4.99248421900193,1.44873346224938
40,0,0,0.980392433259806,-4.99248745646342,1.4487122011434
40.5,0,0,0.980394994251902,-4.99249970320413,1.44874868928792
41,0,0,0.980396757977289,-4.99249220283712,1.44873238799745
41.5,0,0,0.98040376173066,-4.99249784086994,1.44876875060766
42,0,0,0.980401852715523,-4.99250751055506,1.44873548328528
42.5,0,0,0.980407008365825,-4.9925114522495,1.44872717467136
43,0,0,0.980420191154896,-4.99252151168058,1.44881804295369
43.5,0,0,0.980411688068297,-4.99252054924036,1.44881777908742
44,0,0,0.980414223267293,-4.99254357658015,1.44881205431728
44.5,0,0,0.98040823041995,-4.99253515320246,1.4488165659718
45,0,0,0.980413711584068,-4.99254999779724,1.44879971959159
45.5,0,0,0.980423799630599,-4.99252941221383,1.4487857253849
46,0,0,0.980407606919502,-4.99252503357209,1.4487892353356
46.5,0,0,0.980411835827748,-4.99256725458024,1.4487245075078
47,0,0,0.980429522713612,-4.99257153933456,1.44875694231466
47.5,0,0,0.980419595863195,-4.99255770864096,1.44873133429274
48,0,0,0.980410304250347,-4.99253689431166,1.44875869709177
48.5,0,0,0.980424122953072,-4.99254585720303,1.4487597005249
49,0,0,0.980412852600398,-4.99253905593899,1.44880555010499
49.5,0,0,0.980413962124998,-4.9925606202188,1.44871055686875
50,0,0,0.980415610893209,-4.99252171056972,1.44885680020754
50.5,0,0,0.980413631842877,-4.99254816789797,1.44870932691961
51,0,0,0.98011886180911,-4.99236378895528,1.45023930288543
51.5,0,0,0.979955537200122,-4.99291302224599,1.44931116532121
52,0,0,0.980213864589988,-4.99278661597301,1.4477584638332
52.5,0,0,0.980446277510381,-4.99257047139663,1.44891120862747
53,0,0,0.980394400756462,-4.99252572763309,1.4487155154359
53.5,0,0,0.980410403869788,-4.99267752493939,1.44879043974893
54,0,0,0.980427293655934,-4.99239395186311,1.44872170101288
54.5,0,0,0.980367280077897,-4.99290023207682,1.44864829590866
55,0,0,0.98048120306885,-4.99210630230123,1.44875135326983
55.5,0,0,0.980339403231902,-4.99341440808882,1.44866942330912
56,0,0,0.980550792254589,-4.99136735822615,1.44886993634133
56.5,0.142,0,0.980302485772264,-4.9938926330328,1.44846101734614
57,0.142,0,0.985993832081243,-4.94446183635272,1.4463932919686
57.5,0,0,0.994647131152095,-4.87849899196962,1.44407980385516
58,0,0,0.995668098986975,-4.87539110191351,1.443843883579
58.5,0,0,0.995841834352527,-4.87463185046726,1.44429979255496
59,0,0,0.99576558649413,-4.87531740769714,1.44418697054078
59.5,0,0,0.995818787407261,-4.87485797525108,1.44428503315034
60,0,0,0.995781377451878,-4.87516660935072,1.444286317705
60.5,0,0,0.995808657083168,-4.87501136880616,1.44429911971254
61,0,0,0.995789085861428,-4.87516784816058,1.44439819225307
61.5,0,0,0.995799210215022,-4.87507290719682,1.44467331484854
62,0,0,0.995761581890486,-4.8753192361685,1.44441599231719
62.5,0,0,0.995777181712333,-4.87499449562087,1.4451044580586
63,0,0,0.995693665927797,-4.8756251500525,1.4439560652814
63.5,0,0,0.995775535724041,-4.87466046504196,1.44594087398259
64,0,0,0.995580181475921,-4.8761940243835,1.44277400989432
64.5,0,0,0.995845296020569,-4.8737252076883,1.44767054834015
65,0,0,0.995285326178224,-4.87842182742094,1.43987794829128
65.5,0.142,0,0.998649690032904,-4.84909239741811,1.45776851692788
66,0.165,-1.003,1.0079874548381,-4.77793156037386,1.30801758364324
66.5,0.165,-1.003,1.03390428169798,-4.71927830076383,1.00424389540507
67,0.165,-1.003,1.07841481189776,-4.66638869613528,0.699663126145131
67.5,0.142,0,1.13638400856928,-4.62524149358017,0.582449202482434
68,0.142,0,1.20002001980158,-4.58143587952401,0.598841393170709
68.5,0.142,0,1.26295466078529,-4.53951318413365,0.590357542316463
69,0.142,0,1.32560310057291,-4.49723792577762,0.597114322160278
69.5,0.142,0,1.38723222354851,-4.45586839099891,0.602316271559755
70,0.142,0,1.45032647495698,-4.41358092921727,0.603590763079012
70.5,0.142,0,1.51291619448211,-4.37098653116966,0.60242735859835
71,0.142,0,1.57570409460822,-4.32871678717033,0.604894625266847
71.5,0.142,0,1.63913571843331,-4.28669370670162,0.606072749149149
72,0.142,0,1.70172350304126,-4.24254417565551,0.599448009997228
72.5,0.142,0,1.76476975489457,-4.1991121251032,0.595061619400372
73,0.142,0,1.82819875878203,-4.15668322851331,0.595778033938188
73.5,0.142,0,1.89073155906618,-4.11402730448299,0.59621909784317
74,0.142,0,1.95362719585627,-4.07208620897768,0.593737951626696
74.5,0.142,0,2.0171153945339,-4.02977726831747,0.592669735383217
75,0.142,0,2.08005082881192,-3.98722550705133,0.593666114138222
75.5,0.142,0,2.14373970207533,-3.94473978689968,0.591542343137993
76,0.142,0,2.20694502682747,-3.90231703733296,0.592725887499095
76.5,0.142,0,2.26965608144435,-3.86202885315044,0.603764473587369
77,0.142,0,2.33274574671385,-3.81906959205354,0.605663578108298
77.5,0.142,0,2.3941884387535,-3.77688827416327,0.607919481292722
78,0.142,0,2.45658270087304,-3.73496655722323,0.607476809232671
78.5,0.142,0,2.51904027926249,-3.69307826230997,0.607698939949406
79,0.142,0,2.58170607581015,-3.65005310112856,0.607445438270108
79.5,0.142,0,2.64460380480331,-3.6073815489126,0.606882808692513
80,0.142,0,2.70760058412732,-3.56494620254076,0.609229783360621
80.5,0.142,0,2.77043250201907,-3.52213765721162,0.608505656924858
81,0.142,0,2.83346143925742,-3.47968020406923,0.606529418580618
81.5,0.142,0,2.89629289182246,-3.43688389134108,0.607890840933443
82,0.142,0,2.95969271789225,-3.39418447939372,0.604572834085447
82.5,0.142,0,3.02337331154194,-3.35131059354361,0.608028775176242
83,0.142,0,3.08574349712894,-3.30888306292898,0.604389875642116
83.5,0.142,0,3.14854503959971,-3.26663690389551,0.613374306737056
84,0.142,0,3.21162676256433,-3.22393035998661,0.594356770952336
84.5,0.165,0.902,3.27166419964888,-3.18082988935726,0.683907608760036
85,0.142,0,3.32027006943882,-3.1262416251228,0.794046480313715
85.5,0.142,0,3.3726068655718,-3.07086213238124,0.767763186111047
86,0.165,0.902,3.42383776132883,-3.01762809188435,0.844510692061085
86.5,0.165,0.902,3.4627699161775,-2.96441967227385,1.13345984559292
87,0.142,0,3.48294528565098,-2.90139141118631,1.41180261341847
87.5,0.142,0,3.49208064434587,-2.82676674243465,1.44641055741823
88,0.142,0,3.50154517438947,-2.75110480959778,1.44307707117622
88.5,0.142,0,3.51136136324612,-2.6757113631636,1.44541844861928
89,0.142,0,3.52081382728527,-2.60057352401429,1.44549888528539
89.5,0.142,0,3.52967140831458,-2.52495821803392,1.44420575237646
90,0.142,0,3.53884415188088,-2.44992324913462,1.4451901069561
90.5,0.142,0,3.54784007052925,-2.37491561546607,1.44387142293813
91,0.142,0,3.55715801957333,-2.29976734896892,1.43975230032431
91.5,0.142,0,3.56636823578315,-2.224145091812,1.43757117611916
92,0.142,0,3.57537494738153,-2.14863837985337,1.43315159950096
92.5,0.142,0,3.5849812043506,-2.07237747651299,1.42766832286658
93,0.142,0,3.5950376395548,-1.99719223981226,1.43297969766089
93.5,0.142,0,3.60500807676328,-1.92337816060435,1.44418880533341
94,0.142,0,3.61445782084756,-1.84791585018091,1.44185376383542
94.5,0.142,0,3.62423701088084,-1.77324968499258,1.44655055272377
95,0.142,0,3.63393582470029,-1.69817698168507,1.44946209910086
95.5,0.142,0,3.64360009702405,-1.62427966143046,1.46079636293835
96,0.142,0,3.65301232149339,-1.54865198599795,1.46004479756658
96.5,0.142,0,3.66210087916863,-1.47346243406566,1.45827225972556
97,0.142,0,3.6715485453906,-1.39813786988594,1.45805318786061
97.5,0.142,0,3.68082932354259,-1.32303449905065,1.4568183694972
98,0.142,0,3.69033581277119,-1.24837153165749,1.45814293185889
98.5,0.142,0,3.69985082919973,-1.17358894828905,1.4596664324381
99,0.142,0,3.70949263224653,-1.0988286579043,1.46065093054005
99.5,0.142,0,3.71863314703385,-1.02210865260806,1.45287026148467
100,0.142,0,3.72801153561167,-0.946531798952534,1.45186928314147
100.5,0.142,0,3.73787051100125,-0.871202369306432,1.44960402747676
101,0.142,0,3.74720982950326,-0.797557744352512,1.45608975110282
101.5,0.142,0,3.75636263556094,-0.72267974404187,1.45764933024974
102,0.142,0,3.76616988368513,-0.647217858846971,1.45557955753465
102.5,0.142,0,3.77554299606413,-0.572404821488666,1.45417547601245
103,0.142,0,3.78568379504125,-0.497295437133804,1.45596998866935
103.5,0.142,0,3.79470928366923,-0.421172068355916,1.4482238622555
104,0.165,0.902,3.80560224884169,-0.347416483029309,1.5016440836115
104.5,0.142,0,3.80531558793945,-0.28115825432564,1.75698899577032
105,0.142,0,3.78846175227525,-0.208373869268306,1.81301601656739
105.5,0.142,0,3.77174599562791,-0.135024788648387,1.80578350859925
106,0.142,0,3.75385986464067,-0.060325084072106,1.81237811599078
106.5,0.142,0,3.73745327145245,0.0129447391557688,1.80705449931092
107,0.142,0,3.72007580102303,0.0862498322286977,1.80566771868508
107.5,0.142,0,3.70217324219011,0.160656781674094,1.80529743877662
108,0.142,0,3.68468736785875,0.234967849017785,1.80660781486647
108.5,0.142,0,3.66715712243255,0.309360358943699,1.80756439573841
109,0.142,0,3.64996161462421,0.382952584327434,1.8061966018545
109.5,0.142,0,3.63204049103232,0.45660216433739,1.80464428413379
110,0.142,0,3.61307122788103,0.530035525038026,1.79421937664468
110.5,0.142,0,3.59534705249503,0.603529447007586,1.79410367872604
111,0.142,0,3.57759601565522,0.677668518380331,1.7984926338003
111.5,0.142,0,3.55899963652296,0.7515693509906,1.79792465907112
112,0.142,0,3.54105576910032,0.824913529635896,1.79878180868132
112.5,0.142,0,3.52360176306434,0.899098020435733,1.80142682373043
113,0.142,0,3.50618990665321,0.972845080871396,1.80012482138585
113.5,0.142,0,3.48933543845288,1.04641570456794,1.80410369299959
114,0.142,0,3.47208676938014,1.12053517112556,1.80383221441496
114.5,0.142,0,3.45426754910181,1.19438184846731,1.8032717162547
115,0.142,0,3.43633105069323,1.26824146664861,1.80457806804274
115.5,0.142,0,3.41889497509723,1.34245093777852,1.807561881333
116,0.142,0,3.40156463465514,1.41595339708898,1.81121421512736
116.5,0.142,0,3.38377929447983,1.48982209154545,1.8108616111002
117,0.142,0,3.36568241789648,1.56394319053022,1.80916475540182
117.5,0.142,0,3.34710588572289,1.63845421714418,1.81071850922576
118,0.142,0,3.32904416340839,1.71264428444793,1.81117288654444
118.5,0.142,0,3.31166033059352,1.78634093330834,1.81143268164223
119,0.142,0,3.29364720311974,1.86006980768762,1.81314531477685
119.5,0.142,0,3.27596712553,1.93442740947845,1.80947064536888
120,0.142,0,3.26208728095675,2.01022864973741,1.84900135058356
120.5,0.142,0,3.24489086568801,2.08434572047636,1.85388019192789
121,0.142,0,3.22857120429041,2.15687680376656,1.86154018903804
121.5,0.142,0,3.21104348015344,2.2304895710425,1.86369452646284
122,0.142,0,3.19279751195619,2.30434592418981,1.85999577117006
122.5,0.142,0,3.17594490005431,2.37694505064898,1.8684632049755
123,0.142,0,3.15770019218135,2.45028686878041,1.8672315441846
123.5,0.142,0,3.13996833471385,2.52361747550682,1.86431684452385
124,0.142,0,3.12275251403689,2.59758453682625,1.8678951439274
124.5,0.142,0,3.10481672033455,2.67123039728124,1.86643358786628
125,0.142,0,3.08738209629679,2.74537457526479,1.86901578430141
125.5,0.142,0,3.06966898774116,2.81852504902866,1.86703164188789
126,0.142,0,3.05209474771446,2.89096859573136,1.86459231963898
126.5,0.142,0,3.03444211548827,2.96525256306047,1.85888943287996
127,0.142,0,3.01652788516976,3.03782031096701,1.86757039640557
127.5,0.142,0,2.99901751706431,3.11233210632317,1.85817030672652
128,0.165,0.902,2.97875419697987,3.18128528567047,2.04357246002018
128.5,0.165,0.902,2.94248309173145,3.23907248521296,2.35809860669587
129,0.142,0,2.89088071193279,3.28445288700119,2.62434734771896
129.5,0.142,0,2.82240240176893,3.32527361937088,2.64596803206329
130,0.142,0,2.75860657387474,3.36196895180217,2.59845282773742
130.5,0.142,0,2.69405913741866,3.40181991447728,2.58721712277842
131,0.165,0.902,2.63112389421924,3.43646919472224,2.76449596992712
131.5,0.142,0,2.56351457730268,3.45177425139459,3.05037971873781
132,0.142,0,2.49071656078927,3.4560346713705,3.10056796224561
132.5,0.142,0,2.41345495373431,3.45954833764093,3.08595881816762
133,0.142,0,2.3386543840603,3.46391105421742,3.10137502891636
133.5,0.142,0,2.26088859514146,3.46864853350898,3.08217856831989
134,0.165,0.902,2.19349588434968,3.46885965977288,-3.01411981006353
134.5,0.142,0,2.12493718812886,3.45230988820932,-2.82410335520622
135,0,0,2.07030612129296,3.43734597633353,-2.82268709226751
135.5,0,0,2.07127091327289,3.43672865152333,-2.81770274892355
136,0,0,2.06988918536809,3.43797133210461,-2.81391937473465
136.5,0,0,2.07032146844817,3.43789234838658,-2.80924517795022
137,0,0,2.07056324654307,3.43799986600796,-2.8126008227599
137.5,0,0,2.06975266282077,3.43762372425771,-2.810745368223
138,0,0,2.0721040506883,3.43836334042015,-2.81172764885963
138.5,0.142,0,2.05696132440265,3.43362452239938,-2.81274832281457
139,0.142,0,1.98873431297769,3.41289300994841,-2.81302376586495
139.5,0.142,0,1.91678424119519,3.39022518203507,-2.81118846527514
140,0.165,-1.003,1.84560656424284,3.3688078612846,-2.86585357547999
140.5,0.165,-1.003,1.78002693500411,3.35920148684081,3.10586747063265
141,0.142,0,1.70990439735616,3.36755109501903,2.93510454479587
141.5,0.142,0,1.63522383518283,3.38350617234971,2.94723128551456
142,0.142,0,1.56064926619461,3.39890152704872,2.93739091500794
142.5,0.142,0,1.48711939445357,3.41350700680933,2.94131161047091
143,0.142,0,1.4127821395013,3.42811512590681,2.93751928853889
143.5,0.142,0,1.33902635092348,3.44332285100642,2.94531249820291
144,0.142,0,1.26467492697853,3.45876588875469,2.94229294557595
144.5,0.142,0,1.19151495998297,3.47456344365148,2.95295843820403
145,0.142,0,1.11609531960434,3.48804441755384,2.94252681551904
145.5,0.142,0,1.04225958721871,3.50258032056645,2.94783725176091
146,0.142,0,0.968833965813881,3.5177528098832,2.92569357267955
146.5,0.165,0.902,0.896559856983304,3.5335588537519,3.05508240887345
147,0.165,0.902,0.83423184716359,3.53043050711781,-2.92346004288062
147.5,0.165,0.902,0.771428694009815,3.51032962127724,-2.6364444431061
148,0.142,0,0.716304407083778,3.46788457406523,-2.38859904543835
148.5,0.142,0,0.667354931830073,3.40890014384469,-2.39761730167415
149,0.142,0,0.612209198667783,3.35660398334304,-2.39182639409698
149.5,0.142,0,0.558312767889324,3.30207409330096,-2.39736974108878
150,0.142,0,0.506002860759368,3.24760653833271,-2.41787564896243
150.5,0.142,0,0.450218809824969,3.19533092101476,-2.39702831684769
151,0.142,0,0.392951389401199,3.14424229894857,-2.36907499932517
151.5,0.142,0,0.33965796664621,3.09114795428991,-2.37650825902596
152,0.142,0,0.286420387097964,3.0391584426556,-2.37005773994955
152.5,0.142,0,0.233132597186183,2.98699264483787,-2.37051382817658
153,0.142,0,0.179282677087284,2.93371402476471,-2.3670697982105
153.5,0.142,0,0.124590563037315,2.88084560617214,-2.37250955197312
154,0.142,0,0.0708047442609625,2.82575501084662,-2.36230550853823
154.5,0.142,0,0.0162950740780246,2.76849466678167,-2.37664234650801
155,0.165,0.902,-0.0327136682150566,2.72240810700884,-2.19991121922002
155.5,0.142,0,-0.0691445336106119,2.66909557940136,-1.87800468488418
156,0.142,0,-0.0957082682437289,2.59873668764703,-1.78729895881645
156.5,0.165,-1.003,-0.116597538677596,2.52866009709126,-1.87841099009648
157,0.165,-1.003,-0.145176812189105,2.47174052748596,-2.19509811158255
157.5,0.142,0,-0.194247544867165,2.42474083763576,-2.4393448343472
158,0.142,0,-0.256099292027828,2.38093436678167,-2.4674235282076
158.5,0.142,0,-0.31258339263082,2.33468265607745,-2.35749497587575
159,0.165,0.902,-0.365326950070704,2.29092362222118,-2.20526316409642
159.5,0.165,0.902,-0.416510681183138,2.24104775346315,-2.04552930653115
160,0.165,0.902,-0.444920635131821,2.1750702129935,-1.76981201884904
160.5,0.142,0,-0.453458981661723,2.10529747908843,-1.56100797466712
161,0.142,0,-0.458196746895845,2.0303417746555,-1.53623878920951
161.5,0.142,0,-0.459039489355737,1.953532534352,-1.54218793636883
162,0.142,0,-0.460633244629256,1.87642935705357,-1.54303741180524
162.5,0.142,0,-0.461709844129439,1.79977030912394,-1.54888271880037
163,0.142,0,-0.463259068856001,1.7225896968159,-1.54827678528113
163.5,0.142,0,-0.466029006125458,1.65056091783768,-1.56920009900906
164,0.142,0,-0.464993689807072,1.57634984158692,-1.60720618401547
164.5,0.142,0,-0.469463626492373,1.49795504291148,-1.57221181752951
165,0.165,0.902,-0.469260952819666,1.42552903353049,-1.54387698322761
165.5,0.142,0,-0.46706659211921,1.36101747808517,-1.19020742784002
166,0.142,0,-0.450405696649748,1.29549310439058,-1.01987329987943
166.5,0.142,0,-0.409058805871668,1.22389969213174,-1.11287357393607
167,0.142,0,-0.380221959579529,1.15430948575636,-1.10963010610985
167.5,0.142,0,-0.350799556066054,1.08451775779626,-1.11666747658111
168,0.142,0,-0.321778998616589,1.0139522938531,-1.11358264914202
168.5,0.142,0,-0.292334696766345,0.944374922964013,-1.12174477847038
169,0.142,0,-0.262554781794532,0.874038557271002,-1.12049053287215
169.5,0.142,0,-0.232887750083163,0.803838185828572,-1.12466915631976
170,0.142,0,-0.204727539834276,0.734093820048138,-1.11639515480178
170.5,0.142,0,-0.175243762466047,0.662614970946732,-1.11288066551179
171,0.142,0,-0.146245118917612,0.592126494954554,-1.11642062186493
171.5,0.142,0,-0.117268721965673,0.523212098612207,-1.11906561515021
172,0.142,0,-0.0876939224401329,0.453890156768503,-1.12622361072944
172.5,0.142,0,-0.0600583311410354,0.384546566299475,-1.11916929350935
173,0.142,0,-0.0313756157921973,0.314576808691138,-1.11254845311936
173.5,0.142,0,-0.00257159633279818,0.243525957961445,-1.10724576436569
174,0.142,0,0.0267802260910997,0.173011731528919,-1.10903035079683
174.5,0.142,0,0.0544303661223255,0.104017237066307,-1.10379710834691
175,0.142,0,0.0813861802002479,0.0350093911829379,-1.10324037330086
175.5,0.142,0,0.108744995755059,-0.0346453607812685,-1.08744648337058
176,0.142,0,0.138332805785614,-0.102644447966077,-1.1128048986852
176.5,0.165,0.902,0.168100371942213,-0.169595614296351,-1.02290288628107
177,0.165,0.902,0.207480190804059,-0.224301275465199,-0.723048696114269
177.5,0.142,0,0.263295242580563,-0.266910856894309,-0.499036857011792
178,0.142,0,0.329486532384545,-0.306168788903911,-0.489281030423605
178.5,0.142,0,0.394650207552011,-0.346367935511923,-0.493273044105694
179,0.142,0,0.460266171181264,-0.386170755381081,-0.494546810393221
179.5,0.142,0,0.525300480639531,-0.425538351067373,-0.491969620343639
180,0.142,0,0.590545258242063,-0.464418837493826,-0.49591119907663
180.5,0.142,0,0.655455408945843,-0.503469438315437,-0.493441817036075
181,0.142,0,0.720266925292114,-0.542215498291462,-0.499753146532111
181.5,0.142,0,0.783983196541396,-0.581886272171266,-0.489900161236687
182,0.142,0,0.84942796078645,-0.620797777286266,-0.506965023732803
182.5,0.165,0.902,0.91183903145996,-0.660845092293651,-0.443768661036685
183,0.142,0,0.973509776856161,-0.685303623376555,-0.255987762056042
183.5,0.142,0,1.04842754700444,-0.70342208647935,-0.264603177054841
184,0.142,0,1.11894154308848,-0.724997520237185,-0.23996809804091
184.5,0.142,0,1.1930173736941,-0.744430248411544,-0.240998943066053
185,0.142,0,1.26564472727798,-0.764433632390072,-0.23625621260673
185.5,0.142,0,1.33826046371874,-0.784387425668321,-0.240822772688709
186,0.142,0,1.41097042516337,-0.804318060988294,-0.23759780605036
186.5,0.142,0,1.48495214842278,-0.824411554934666,-0.242529569115671
187,0.142,0,1.55873338365623,-0.844643227749071,-0.246650988592306
187.5,0.142,0,1.63138146990492,-0.864013721971399,-0.25384312940546
188,0.142,0,1.70407777976452,-0.884078582575885,-0.259082646234999
188.5,0.142,0,1.7762418317846,-0.904156949764976,-0.262713107465212
189,0.142,0,1.84970751408974,-0.924977153713766,-0.263686874159479
189.5,0.142,0,1.9220199666239,-0.94613287676996,-0.261558776965771
190,0.142,0,1.99385380566248,-0.96642814803588,-0.255302753162646
190.5,0.142,0,2.06639375827331,-0.986969498956689,-0.262809499474606
191,0.142,0,2.13996474566927,-1.00819247732149,-0.258481803863875
191.5,0.142,0,2.21259164938479,-1.02906649168566,-0.260881694435438
192,0.142,0,2.28600734794324,-1.0498487404773,-0.251226789743416
192.5,0.165,-1.003,2.35413480626084,-1.07072949670814,-0.35542698490282
193,0.165,-1.003,2.41229512148713,-1.10228878866061,-0.663648961482671
193.5,0.165,-1.003,2.46179088276461,-1.15043956240012,-0.964240238264773
194,0.165,-1.003,2.49434486780758,-1.20981753221471,-1.28201492970919
194.5,0.142,0,2.5038560966926,-1.27890497097321,-1.4992753053559
195,0.142,0,2.50189455608244,-1.3551084706743,-1.50175386890467
195.5,0.142,0,2.5031011680395,-1.43089139960171,-1.50607828315634
196,0.142,0,2.50346193396153,-1.50666109763774,-1.50073390663544
196.5,0.142,0,2.50465659268443,-1.58227460750071,-1.50292400760985
197,0.142,0,2.5055858453831,-1.65805334594247,-1.50507542338651
197.5,0.142,0,2.50649518876161,-1.73414697732634,-1.50444088395084
198,0.142,0,2.5069666760841,-1.80977425955375,-1.50141947161471
198.5,0.142,0,2.50778492072219,-1.8852758611374,-1.49692575571263
199,0.142,0,2.50851643413034,-1.96083898350419,-1.49833029234481
199.5,0.142,0,2.50904446512921,-2.03639237274791,-1.49596072166895
200,0.142,0,2.50987880160479,-2.11241582034593,-1.49480380441297
200.5,0.142,0,2.51086660385769,-2.18842298920879,-1.49350254922738
201,0.142,0,2.51174320073104,-2.26341072115257,-1.49544725544424
201.5,0.142,0,2.51209633225376,-2.33919736317197,-1.497818890041
202,0.142,0,2.51265366522721,-2.41521692529665,-1.50060366775621
202.5,0.142,0,2.51286452062845,-2.49014654732818,-1.49904495679421
203,0.142,0,2.51345378199115,-2.56599960276761,-1.50352896608267
203.5,0.142,0,2.51378402448196,-2.64073537521684,-1.50596942129972
204,0.142,0,2.51521581683769,-2.71773010801093,-1.51161953852089
204.5,0.142,0,2.51547192999871,-2.7945969819855,-1.52010135436947
205,0.165,-1.003,2.51683781936675,-2.87086950599425,-1.54126612581435
205.5,0.165,-1.003,2.50925223760456,-2.93765676937443,-1.78004491759267
206,0.165,-1.003,2.48558956638925,-2.99655353116241,-2.10378781069713
206.5,0.165,-1.003,2.44631443440571,-3.0483735347763,-2.42543668339423
207,0.165,-1.003,2.38829736541495,-3.08475083594452,-2.70627932224057
207.5,0.165,-1.003,2.3240935693915,-3.10553374200617,-3.02761376891397
208,0.142,0,2.2556962708691,-3.10782109145647,3.05062928342706
208.5,0.142,0,2.17956032593072,-3.10118344177392,3.06779561088058
209,0.142,0,2.10439229868442,-3.09691522452829,3.06257054173353
209.5,0.142,0,2.02883065098871,-3.09156077096616,3.06945658410921
210,0.142,0,1.95306050865188,-3.08631262316152,3.06620335693672
210.5,0.142,0,1.87725106029586,-3.08109128296088,3.06971416357605
211,0.142,0,1.80175525601579,-3.0763623031629,3.06871162310588
211.5,0.142,0,1.72558554961599,-3.07091276592876,3.06749709439821
212,0.142,0,1.65010792392804,-3.06568570098983,3.06571686066832
212.5,0.142,0,1.57407649352276,-3.06027370384386,3.06730606729856
213,0.142,0,1.49881228903674,-3.05473570139854,3.06712785797206
213.5,0.142,0,1.42349535110931,-3.04954255860863,3.06939464048442
214,0.142,0,1.34751270948294,-3.04417785399117,3.0702751147466
214.5,0.142,0,1.27250603302685,-3.03915689997131,3.06817136405993
215,0.142,0,1.19725756893839,-3.03372274683434,3.06967804503932
215.5,0.142,0,1.1222844759582,-3.02823234921722,3.06530380554816
216,0.142,0,1.04661208562688,-3.02276052508578,3.06764387239827
216.5,0.142,0,0.97137341812396,-3.01696579429847,3.06567556513197
217,0.142,0,0.895748555869571,-3.01119124728346,3.07030889100701
217.5,0.142,0,0.820114579100038,-3.00566670945433,3.0659935261002
218,0.165,0.902,0.746082056600292,-3.00044414276278,3.12785117567187
218.5,0.165,0.902,0.680668704329833,-3.0064470195419,-2.8521252806431
219,0.142,0,0.617004845604843,-3.03325240531537,-2.64748497559926
219.5,0.142,0,0.550248003507354,-3.06956574754035,-2.64810936583623
220,0.142,0,0.483547482677322,-3.10522854438298,-2.65155574827658
220.5,0.142,0,0.416159591385195,-3.14112071052096,-2.65313088546563
221,0.142,0,0.34955156723362,-3.17657151225152,-2.65432823566599
221.5,0.142,0,0.282964169994104,-3.21130431102509,-2.65650887041978
222,0.165,0.902,0.215310566928998,-3.24595178474346,-2.64769347658322
222.5,0.165,0.902,0.156848479973667,-3.28193190406981,-2.43644626577574
223,0.165,0.902,0.113887562585205,-3.33155420497907,-2.12708963231199
223.5,0.142,0,0.0790490157166569,-3.39652473692306,-1.9957740800955
224,0.142,0,0.0470140570188484,-3.46504090454963,-2.02747794792787
224.5,0.165,0.902,0.0182364469173241,-3.5299352715776,-1.89012447061487
225,0.165,0.902,0.00389779245110962,-3.59396708672334,-1.57914388483366
225.5,0.142,0,0.0122249941874709,-3.66105582047003,-1.29984209488951
226,0.142,0,0.0355903461700641,-3.73174208282905,-1.22538818159964
226.5,0.142,0,0.0606583820748387,-3.80357257920676,-1.24116359838668
227,0.142,0,0.0857683705920226,-3.87595145540004,-1.23180872451441
227.5,0.142,0,0.110523329791346,-3.94808500083175,-1.23618388056094
228,0.142,0,0.135394338141781,-4.01937978377512,-1.23053978981485
228.5,0.142,0,0.159746259524782,-4.09135678105266,-1.23891443807265
229,0.165,0.902,0.185652848583157,-4.15662154862067,-1.08157275694618
229.5,0.165,0.902,0.223314429256558,-4.20876691697679,-0.762674254311429
230,0.142,0,0.279896041270719,-4.25360455040817,-0.601492172814046
230.5,0.142,0,0.34352537676792,-4.29667773775149,-0.616861772620563
231,0.142,0,0.405502589181484,-4.3392823286286,-0.606590984522811
231.5,0.142,0,0.46909890146214,-4.38277189786758,-0.624419084065476
232,0.165,0.902,0.527529680614917,-4.4212514708414,-0.457451802708061
232.5,0.142,0,0.589613079520616,-4.44059366492075,-0.154388167832565
233,0.142,0,0.662219531847961,-4.44963859227621,-0.108039678119624
233.5,0.142,0,0.738117247090778,-4.4580279449029,-0.109930080481966
234,0.142,0,0.81425308761723,-4.46574326702141,-0.106927595318007
234.5,0.142,0,0.889836324151839,-4.47408377981324,-0.113491888978871
235,0.142,0,0.965027925133176,-4.48246997995017,-0.112951420216028
235.5,0.142,0,1.04024590110837,-4.49072785203983,-0.113046916596831
236,0.142,0,1.11547033497729,-4.49906994868058,-0.114915383653585
236.5,0.142,0,1.19076439189185,-4.50749232427088,-0.114050145828008
237,0.142,0,1.26568135381554,-4.51594469037442,-0.113305362617519
237.5,0.142,0,1.34083957378154,-4.52433831995045,-0.113289936561763
238,0.142,0,1.4160256111988,-4.53240674912138,-0.111723707975946
238.5,0.142,0,1.49120456422066,-4.54052376468357,-0.111722957529295
239,0.142,0,1.5663181409274,-4.54880131684057,-0.109387577809734
239.5,0.142,0,1.64166175263107,-4.55742225881224,-0.108501903850625
240,0.142,0,1.71759284832502,-4.56619058121526,-0.111808371236377
240.5,0.142,0,1.79296334810383,-4.57473292123951,-0.108140205134925
241,0.142,0,1.86816629074535,-4.58334410577126,-0.108054872298476
241.5,0.142,0,1.94335951479638,-4.59175580632624,-0.111160863509678
242,0.142,0,2.01879376747784,-4.59991294501997,-0.111815745609226
242.5,0.142,0,2.09449079380534,-4.60863854367011,-0.11286928302348
243,0.142,0,2.17036231854006,-4.61774570458641,-0.112845099317852
243.5,0.142,0,2.24553700523372,-4.62635647468765,-0.113267172334364
244,0.142,0,2.32106582854494,-4.63545133838438,-0.116729764813162
244.5,0.142,0,2.39535988821727,-4.64436476814947,-0.114096467601788
245,0.142,0,2.47050166385115,-4.65329778696138,-0.116936817398063
245.5,0.142,0,2.54551654675063,-4.6625229239983,-0.117732160757605
246,0.165,0.902,2.62136819990794,-4.67185940744446,-0.114957279405917
246.5,0.165,0.902,2.69056661799208,-4.67600662906415,0.0990156438662524
247,0.165,0.902,2.7535964771906,-4.66199920611992,0.427834161122417
247.5,0.142,0,2.81724419025039,-4.62806322108469,0.543578854572061
248,0.165,0.902,2.88328027567334,-4.59055705959434,0.544167658958086
248.5,0.165,0.902,2.93856145057145,-4.55089013393488,0.799077278674282
249,0.165,0.902,2.9790276581926,-4.4971565892808,1.07113015917379
249.5,0.165,0.902,3.00309375033721,-4.43417902398376,1.38825117329637
250,0.165,-1.003,3.01133755771828,-4.36808674281374,1.35946627142873
250.5,0.165,0.902,3.03363129669511,-4.30491083793638,1.0471630373
251,0.142,0,3.06459262079058,-4.24519780289372,1.21863606307291
251.5,0.142,0,3.08591100103245,-4.17542466110089,1.29346797294427
252,0.142,0,3.10663822273195,-4.10118904929284,1.25903432216187
252.5,0.165,0.902,3.1276460355121,-4.03062096947972,1.36015992704764
253,0.165,0.902,3.13419216491795,-3.96367665619027,1.64497268295709
253.5,0.165,0.902,3.11968415803573,-3.89958188417645,1.94953981373227
254,0.142,0,3.08727847350203,-3.83594471210823,2.07234508955387
254.5,0.142,0,3.05116381478039,-3.76829178152468,2.04845910526677
255,0.142,0,3.01594081199208,-3.70256038875839,2.06358815719844
255.5,0.165,0.902,2.98045183745388,-3.63450866766249,2.05567731911261
256,0.165,0.902,2.94434812839088,-3.57701887187771,2.27578892158616
256.5,0.165,0.902,2.8947575850945,-3.53121789841755,2.59547608038826
257,0.142,0,2.83180155777645,-3.50229511611295,2.85528395029446
257.5,0.142,0,2.75883111865228,-3.48509296708003,2.90787065196016
258,0.142,0,2.68527061540302,-3.46692492413564,2.89648108584994
258.5,0.142,0,2.61130985578591,-3.44923080404958,2.90230663516765
259,0.142,0,2.5379289921937,-3.43137024752592,2.8963643645307
259.5,0.142,0,2.46456790539297,-3.41327514441976,2.89525243603466
260,0.142,0,2.39072111420922,-3.39541541077971,2.89673280932174
260.5,0.142,0,2.31694799876117,-3.37806902057619,2.89454100237955
261,0.142,0,2.24355668121409,-3.36031030027869,2.89095308745448
261.5,0.142,0,2.16997439332599,-3.34206710083649,2.89523243082584
262,0.142,0,2.09659463672443,-3.3239221730094,2.89487636145689
262.5,0.142,0,2.02377656683654,-3.30592430208721,2.89459737117623
263,0.142,0,1.94968537194271,-3.28774119881544,2.89320706070705
263.5,0.142,0,1.87599897284077,-3.26933681387652,2.89127888934965
264,0.142,0,1.80273538894736,-3.25129553090615,2.89421613103426
264.5,0.142,0,1.72883619616017,-3.23278902841489,2.89615808827781
265,0.142,0,1.65462304298832,-3.21414433193963,2.89677845980399
265.5,0.142,0,1.58084043244856,-3.19627889602085,2.89957401632649
266,0.142,0,1.50761132657401,-3.17796884241536,2.89992836179371
266.5,0.142,0,1.43417716075582,-3.16001999314361,2.89625457150317
267,0.142,0,1.36068925146096,-3.14218147717652,2.89839933993037
267.5,0.142,0,1.28648187725059,-3.12347903470629,2.89702738184525
268,0.142,0,1.21339391500548,-3.10585611382633,2.90042927146673
268.5,0.142,0,1.14039887081965,-3.08758284146729,2.89304846674399
269,0.142,0,1.06801698947089,-3.0693771591796,2.90052491466492
269.5,0.165,0.902,0.993859194523421,-3.0506218160608,2.88732866421844
270,0.165,0.902,0.925973493211766,-3.03715328817703,3.09554920656908
270.5,0.142,0,0.855711324802899,-3.04119732363338,-3.01814448619805
271,0.142,0,0.778571869329124,-3.05000829100075,-3.03686802537215
271.5,0.142,0,0.703943754554499,-3.05834705264073,-3.02710599453301
272,0.142,0,0.628210269743127,-3.06695506663174,-3.03272350500778
272.5,0.142,0,0.553681942156799,-3.07521978192612,-3.03062010431811
273,0.142,0,0.479084657529268,-3.083649769956,-3.02722341852524
273.5,0.165,0.902,0.405084687558898,-3.09181786427639,-3.02985230519392
274,0.165,0.902,0.337093466025471,-3.10381613949824,-2.81290990668439
274.5,0.165,0.902,0.277296871440253,-3.13333909215323,-2.5064003341497
275,0.165,0.902,0.228374367953827,-3.17967001861495,-2.20438830321328
275.5,0.142,0,0.192751584905724,-3.24048279714958,-2.02603586325481
276,0.142,0,0.159960097487025,-3.30879839243163,-2.0368621629775
276.5,0.142,0,0.12558934889516,-3.37822029934235,-2.04163963288467
277,0.165,0.902,0.0935692790175602,-3.44171426956734,-1.95830155181238
277.5,0.165,0.902,0.0762310305396042,-3.50411395461959,-1.66179615948549
278,0.165,0.902,0.0782476615910383,-3.571571822416,-1.37517676402629
278.5,0.165,0.902,0.0990381957599494,-3.63585334117065,-1.07151050926981
279,0.165,0.902,0.138097635383114,-3.69007917589782,-0.785839789754162
279.5,0.165,0.902,0.19057036175201,-3.73105609447605,-0.487782173110887
280,0.165,0.902,0.25284973158162,-3.75609657027656,-0.195591476259487
280.5,0.165,0.902,0.318378366603522,-3.76087933463659,0.113378388144181
281,0.142,0,0.389565758455287,-3.74776111016988,0.242335437082406
281.5,0.142,0,0.463626796942252,-3.73038859572196,0.224571292442629
282,0.142,0,0.537302624498652,-3.71334772875549,0.224472805772956
282.5,0.142,0,0.610904433356719,-3.69708422553996,0.2166293677064
283,0.142,0,0.684310691530779,-3.68108394117874,0.217295227275624
283.5,0.142,0,0.758474219066929,-3.66493912342056,0.215899572986771
284,0.142,0,0.831674758709595,-3.64901009194689,0.215771683877737
284.5,0.142,0,0.905963356679839,-3.63329873698077,0.21284341350775
285,0.142,0,0.979698301478241,-3.61736701985735,0.214618742028868
285.5,0.142,0,1.05414319833613,-3.60084701358227,0.210232210362758
286,0.142,0,1.12843966541225,-3.58498715815296,0.212969805587981
286.5,0.142,0,1.2024981434637,-3.56894014324434,0.208306819087968
287,0.142,0,1.27649029481592,-3.55318365351093,0.216664234167581
287.5,0.142,0,1.35108814439511,-3.5379481153211,0.204077071431596
288,0.165,0.902,1.42162861608697,-3.52258775135597,0.326905249959978
288.5,0.142,0,1.48157793509318,-3.49243174720853,0.605115564355643
289,0.142,0,1.54230309647239,-3.44825261251442,0.635764625111811
289.5,0.142,0,1.60283375125474,-3.40396538603534,0.639461401032474
290,0.142,0,1.66454718173915,-3.35834834919737,0.632994665934365
290.5,0.142,0,1.72527043636866,-3.31389400765144,0.641917394388617
291,0.165,0.902,1.78733500972157,-3.26912179170784,0.624524425186532
291.5,0.165,0.902,1.84162583290464,-3.22509906104412,0.82222922132927
292,0.142,0,1.88366747610738,-3.1684571550228,0.991752193599684
292.5,0.142,0,1.92585137194193,-3.10568003340036,0.970777957353107
293,0.142,0,1.96755514077098,-3.04319886156317,0.981246407115076
293.5,0.142,0,2.01025903410106,-2.9799116737106,0.971117038949888
294,0.142,0,2.05217175707349,-2.91712702113836,0.971060087944274
294.5,0.142,0,2.09507284228623,-2.8539458471914,0.965119623652239
295,0.142,0,2.13729396115121,-2.79175314094137,0.967350520130807
295.5,0.142,0,2.17948779265452,-2.72880284093733,0.962032704041604
296,0.142,0,2.22162989867935,-2.666526436832,0.957808795799931
296.5,0.142,0,2.26391028495993,-2.60356911776521,0.952908112631963
297,0.142,0,2.30676269628297,-2.54042594657428,0.953785278885345
297.5,0.142,0,2.34998660498282,-2.47766402835763,0.945801843092823
298,0.165,0.902,2.39261619537489,-2.41553229168163,0.97343072000584
298.5,0.165,0.902,2.42412964620123,-2.35796532705052,1.23776166272853
299,0.165,0.902,2.43765931612599,-2.2930296398999,1.55935835082552
299.5,0.142,0,2.43340489922346,-2.2219756216947,1.6906387024013
300,0.142,0,2.42534089516932,-2.14693990566369,1.67923491534275
300.5,0.142,0,2.4176446224939,-2.0712743336794,1.68080614174967
301,0.142,0,2.40957647704904,-1.99563738863983,1.67986606310123
301.5,0.142,0,2.40107275143762,-1.92068672937775,1.68185781608051
302,0.142,0,2.39307729342978,-1.84496089936761,1.6863819409592
302.5,0.142,0,2.38504257132615,-1.77059523573863,1.67657863610918
303,0.165,0.902,2.37718215832701,-1.69631152565843,1.73089122925342
303.5,0.165,0.902,2.36053748447191,-1.63144463036798,2.01248059379541
304,0.165,0.902,2.32427872197745,-1.57559661782143,2.30898792267793
304.5,0.142,0,2.27215838174133,-1.53069822550351,2.56166831701436
305,0.142,0,2.20801771229168,-1.49255550153999,2.59231128452145
305.5,0.142,0,2.1431746438552,-1.45277550662217,2.58786400407079
306,0.142,0,2.07783344106065,-1.41309014994322,2.589524954707
306.5,0.142,0,2.0127363943413,-1.37390594656039,2.59000679428246
307,0.142,0,1.94790088153985,-1.33418179812334,2.5895782810232
307.5,0.142,0,1.88345973670002,-1.2950190648854,2.59004217585431
308,0.142,0,1.81803777288132,-1.25615523541956,2.58658468096315
308.5,0.142,0,1.75361830360754,-1.21664213421769,2.58599978174179
309,0.142,0,1.68904813707548,-1.17729711138177,2.58723327761942
309.5,0.142,0,1.62389694478286,-1.13749629109148,2.58763317041253
310,0.142,0,1.55901100908612,-1.09808122047435,2.58524181004144
310.5,0.142,0,1.49458171083615,-1.05912784481033,2.58398527178222
311,0.142,0,1.43059362316402,-1.01968639913386,2.58154385695632
311.5,0.142,0,1.3672693469659,-0.980353351160708,2.58133393056683
312,0.142,0,1.3019720645135,-0.940705931089038,2.5789018479038
312.5,0.142,0,1.23705537699427,-0.900810981218115,2.57982304720219
313,0.142,0,1.17350779653118,-0.86120956859423,2.57666601560706
313.5,0.142,0,1.10937795177584,-0.821501391795995,2.57792690242442
314,0.165,0.902,1.04598971900903,-0.780982347957978,2.57996701389991
314.5,0.165,0.902,0.983755175816343,-0.74855485746641,2.79356424412736
315,0.165,0.902,0.920173545586482,-0.735171736605837,3.11043141980893
315.5,0.142,0,0.853499043473556,-0.740279074975058,-2.93673919916887
316,0.142,0,0.780395701010615,-0.757023597691874,-2.92269859639924
316.5,0.142,0,0.70613202567413,-0.773681210599944,-2.91322162744379
317,0.165,-1.003,0.633521745269873,-0.790236680734604,-2.99562641725885
317.5,0.165,-1.003,0.567346409554764,-0.792905969197035,2.9826843342833
318,0.142,0,0.502052231748798,-0.773641539088578,2.73607085330501
318.5,0.142,0,0.434353927226511,-0.742582497453569,2.71095695115579
319,0.142,0,0.365176783728422,-0.711472774837523,2.71597832828347
319.5,0.142,0,0.295678306100946,-0.679102560858242,2.71179403838673
320,0.142,0,0.22597438190133,-0.647698398196294,2.71411281956466
320.5,0.142,0,0.157118768166052,-0.617367422771578,2.69819700900388
321,0.142,0,0.0883861860437527,-0.585541835532248,2.7147908342779
321.5,0.165,-1.003,0.0239058305622521,-0.555639575160121,2.60750872428174
322,0.165,-1.003,-0.0280054065775098,-0.516785008435129,2.3093216564248
322.5,0.165,-1.003,-0.0653001525414822,-0.465265271864346,2.01922963408827
323,0.142,0,-0.0828844316831778,-0.400475657813754,1.76705830006389
323.5,0.142,0,-0.0943572914798618,-0.321412377438845,1.73838205967571
324,0.142,0,-0.105888542175462,-0.244871318010822,1.73560409548492
324.5,0.142,0,-0.117421304292385,-0.170580472894575,1.73016472565974
325,0.142,0,-0.129062981764471,-0.0969951030998382,1.72053053671849
325.5,0.142,0,-0.140173887497457,-0.0224473410374659,1.72361182176065
326,0.142,0,-0.150667304541272,0.0522907929934911,1.7232785721579
326.5,0.142,0,-0.161829583556593,0.12767261192745,1.72781334646666
327,0.165,0.902,-0.172258141130052,0.203601707170596,1.72841690716077
327.5,0.165,0.902,-0.186819056963828,0.270014531832087,1.96984643695788
328,0.142,0,-0.220730020074525,0.331314930004979,2.15468807412593
328.5,0.142,0,-0.261625194644777,0.395817290936188,2.13700524213703
329,0.142,0,-0.301449921706802,0.458751859311212,2.14487631501838
329.5,0.142,0,-0.342634025230121,0.522589999893555,2.13135663192639
330,0.142,0,-0.384804216848523,0.587355212703459,2.12687960860144
330.5,0.142,0,-0.425833384654252,0.652892260362334,2.12726466117825
331,0.142,0,-0.465906149793932,0.717219793745452,2.12365444050512
331.5,0.165,-1.003,-0.505380888938706,0.782637505656408,2.11439967497765
332,0.165,-1.003,-0.52925581341177,0.84291074097036,1.91653053908968
332.5,0.165,-1.003,-0.543431381100579,0.902965507102254,1.5551224553638
333,0.142,0,-0.533902214162362,0.973052837919744,1.33354571914563
333.5,0.142,0,-0.515332091397928,1.04854610363331,1.33260077003153
334,0.142,0,-0.501149490922944,1.12177719771829,1.30817857200271
334.5,0.142,0,-0.48955512428577,1.19314560754019,1.25464694311925
335,0.142,0,-0.459041078579813,1.26500353919045,1.35736644749235
335.5,0.142,0,-0.448906271633947,1.3383429451949,1.26919052060829
336,0.142,0,-0.430068692128531,1.41276246455429,1.26325551544871
336.5,0.142,0,-0.413042230895577,1.48609715972638,1.25430711244833
337,0.142,0,-0.395425376797428,1.5619238247305,1.25085263359545
337.5,0.142,0,-0.376918570174286,1.63319131885498,1.25625899792347
338,0.142,0,-0.361327893409551,1.71063199936809,1.22473981096323
338.5,0.142,0,-0.344308854637883,1.7840215770262,1.21234629061187
339,0.142,0,-0.326682726914866,1.85629159221143,1.20835036181186
339.5,0.142,0,-0.30714985032075,1.93257889309741,1.21341902279454
340,0.142,0,-0.288884162549426,2.0060773653471,1.2141096159475
340.5,0.142,0,-0.270607789395696,2.07822771303747,1.21196660044385
341,0.142,0,-0.252320726070401,2.15214461990294,1.21284361624004
341.5,0.142,0,-0.23560630536443,2.22306909829219,1.19981740239956
342,0.142,0,-0.215288340369827,2.29763795549514,1.20963373010883
342.5,0.142,0,-0.195359373195017,2.37305015785234,1.21681031969245
343,0.142,0,-0.178131838841456,2.44361507937713,1.20874228533164
343.5,0.142,0,-0.158385626782154,2.51893554216499,1.21864621288822
344,0.142,0,-0.140305496607737,2.59147130896618,1.2142464130002
344.5,0.142,0,-0.121725932938658,2.66375565217842,1.21389712129837
345,0.142,0,-0.101901484756457,2.73935928096866,1.21769918241006
345.5,0.142,0,-0.0827197410294072,2.81278950857217,1.21736890589635
346,0.142,0,-0.0628777472600776,2.88642882220709,1.22002633273614
346.5,0.142,0,-0.0440398476712076,2.96005886350769,1.21823167915677
347,0.142,0,-0.0243847274250678,3.03268640286796,1.21949472133731
347.5,0.142,0,-0.00537271769915854,3.10189960646803,1.2343271102152
348,0.142,0,0.0142799612361145,3.17507916406532,1.22898926681515
348.5,0.142,0,0.0331130963923816,3.24816713212257,1.22822193006489
349,0.142,0,0.0528230914186482,3.32083787067664,1.22774603808278
349.5,0.142,0,0.0710324697556699,3.39474064102011,1.22526398489707
350,0.165,-1.003,0.0969285140031412,3.46299921541359,1.17193711097744
350.5,0.165,-1.003,0.130812832149223,3.52232849990927,0.893607645751306
351,0.142,0,0.185299316890657,3.57074665064755,0.812645249716681
351.5,0.142,0,0.245656355665999,3.61591534538987,0.799753113094003
352,0.142,0,0.304012946223946,3.66216131502235,0.766141741810653
352.5,0.142,0,0.363441052905386,3.70785001413808,0.74281292555111
353,0.142,0,0.42232512124005,3.75378083371945,0.714929253174592
353.5,0.142,0,0.481146824917649,3.79978643728737,0.686945917025703
354,0.142,0,0.537944166291168,3.84648406643958,0.672260348194367
354.5,0.142,0,0.596366142663574,3.89503776757805,0.654586361341511
355,0.142,0,0.65861072288143,3.93829930014626,0.669317423171012
355.5,0.142,0,0.714611690501839,3.98826164854425,0.630646352156329
356,0.142,0,0.777953909196064,4.0287318821109,0.667159706413823
356.5,0.142,0,0.826198274045417,4.09420452693181,0.538195301705425
357,0.142,0,0.859038418035351,4.18284349741036,0.224087771649907
357.5,0.165,-1.003,0.920937491192889,4.22564344858404,0.250496865033284
358,0.165,-1.003,0.992146481451901,4.26576797559804,0.075178253344335
358.5,0.165,-1.003,1.07835779455669,4.22717098993925,0.132987947861929
359,0.142,0,1.14782962361525,4.22379786231605,-0.00701196300741636
359.5,0.142,0,1.22472736706164,4.22315228915844,0.00295180199188749
360,0.142,0,1.2993596977738,4.22348946125855,-0.00301231518212042
360.5,0.142,0,1.37541095939441,4.2232423192128,0.00117198435278709
361,0.142,0,1.45062907060391,4.22334512991004,-0.000171374055215168
361.5,0.142,0,1.52627532244468,4.22322602855551,0.000661880830085337
362,0.142,0,1.60179436371428,4.22329275797601,0.00193929521060454
362.5,0.142,0,1.67722322922157,4.22308203613286,0.000740365847304858
363,0.142,0,1.75292513629898,4.22337121096029,0.00402202426473863
363.5,0.142,0,1.82808065337742,4.22283171219636,-0.000373534221695948
364,0.142,0,1.90451966937001,4.22388889805103,0.00932633990521659
364.5,0.165,-1.003,1.9778823931319,4.21994131353689,-0.113185086603313
365,0.142,0,2.03941185956797,4.20176200816276,-0.43140858794288
365.5,0.142,0,2.10584447710791,4.17160377784979,-0.519834223168802
366,0.142,0,2.17196812271152,4.13305516099442,-0.506272793748202
366.5,0.142,0,2.2385716221537,4.09710058083518,-0.515371843814199
367,0.142,0,2.3034574953686,4.05970143129277,-0.51491260146997
367.5,0.142,0,2.36886012444563,4.02285496636552,-0.515713781930931
368,0.142,0,2.43419173166117,3.98589955855117,-0.520013327749655
368.5,0.142,0,2.50075577934519,3.94856997881001,-0.521398920122227
369,0.142,0,2.56721131409842,3.91120996016814,-0.520291595531804
369.5,0.142,0,2.63411021894798,3.87328204938669,-0.51915665070786
370,0.142,0,2.69922857021253,3.83631419355019,-0.525182893760704
370.5,0.142,0,2.76556098984128,3.79819446789494,-0.508250957813305
371,0.165,-1.003,2.8287046724905,3.76367355187233,-0.641233585035346
371.5,0.165,-1.003,2.87557454059969,3.72101592911009,-0.9782954032232
372,0.142,0,2.90836242390753,3.65828956428427,-1.15878828217497
372.5,0.142,0,2.93821570978115,3.58916481660169,-1.16403199174014
373,0.142,0,2.96910211622193,3.52015122514181,-1.17125101026979
373.5,0.142,0,2.99563723704874,3.44799476206926,-1.1228124625556
374,0.142,0,3.0249283005205,3.37677830531252,-1.08966304152412
374.5,0.142,0,3.04990520752715,3.30638533060473,-1.11222104844034
375,0.142,0,3.06051080738551,3.23673928574009,-1.15901865007385
375.5,0.142,0,3.07184349804629,3.16755629369636,-1.21034375909193
376,0.142,0,3.08247147859364,3.09816238235053,-1.25927357544445
376.5,0.142,0,3.0935744284195,3.02889174127104,-1.30959094148426
377,0.142,0,3.10438015834298,2.95955294172354,-1.3589736942004
377.5,0.142,0,3.11540668028298,2.89026757233983,-1.40908591427393
378,0.142,0,3.12626366759464,2.82094987524382,-1.4587766693154
378.5,0.165,-1.003,3.13729100804752,2.75165481610142,-1.50881699973661
379,0.165,-1.003,3.14810370625465,2.68234063017896,-1.55847370233414
379.5,0.165,-1.003,3.15922738237031,2.61304408129023,-1.60853463160911
380,0.142,0,3.16988398002319,2.5437094223408,-1.65765340656842
380.5,0.142,0,3.18131777982041,2.47442317194041,-1.7086284197918
381,0.142,0,3.19146888745739,2.40504143993935,-1.75618374378922
381.5,0.142,0,3.20405104190298,2.33584096805626,-1.81058005518592
382,0.142,0,3.20571397633067,2.26591820627555,-1.84169427623501
382.5,0.142,0,3.18325402024684,2.1939813060588,-1.84788400034199
383,0.142,0,3.16040787937803,2.12173317834065,-1.84510302490551
383.5,0.142,0,3.13688634588423,2.0502685825406,-1.85693730242632
384,0.165,-1.003,3.11206315422292,1.97890876356731,-1.86182059300868
384.5,0.165,-1.003,3.08909464968428,1.91918696732553,-2.1825356459819
385,0.165,-1.003,3.05006397689917,1.87081708726529,-2.54387957395803
385.5,0.165,-1.003,2.98485849721651,1.8381451016408,-2.78125938965919
386,0.142,0,2.91618076055487,1.81814582785153,-2.90025093261911
386.5,0.142,0,2.84253872726154,1.80013106459325,-2.85442992668875
387,0.142,0,2.77016262822433,1.78109648174816,-2.87033292133716
387.5,0.142,0,2.69738902946793,1.76117781812467,-2.86908022565454
388,0.142,0,2.62463105680203,1.74120850110676,-2.89082899882286
388.5,0.142,0,2.55023974420381,1.72162198220954,-2.89309394751535
389,0.142,0,2.47649950923605,1.70152291580005,-2.90742667407646
389.5,0.142,0,2.40247029505502,1.68290733416997,-2.89144381749866
390,0.165,-1.003,2.33052498613395,1.66435709709473,-2.96010406869378
390.5,0.165,-1.003,2.26484502729158,1.66005402595133,3.02710840599171
391,0.165,-1.003,2.20108542943387,1.67590290744108,2.71265194543922
391.5,0.142,0,2.14069407659863,1.71164399446475,2.53485809167103
392,0.142,0,2.07796431733414,1.75573651544971,2.54317241917096
392.5,0.142,0,2.01559377579872,1.79885083772082,2.53464728695509
393,0.142,0,1.95197614198647,1.84385514839936,2.54655216717411
393.5,0.142,0,1.89056375112469,1.88657676763619,2.53726084658586
394,0.142,0,1.82832198743136,1.93038731212769,2.55418768135602
394.5,0.165,-1.003,1.77158505662682,1.9727691958788,2.39664434501662
395,0.142,0,1.73365615109511,2.02479875409335,2.12539891241035
395.5,0.165,-1.003,1.69931285766923,2.0911750955448,2.08138119299388
396,0.165,-1.003,1.67160758740834,2.15425672656153,1.88596123285414
396.5,0.142,0,1.66358718309688,2.21881757199909,1.57069308662146
397,0.142,0,1.66963012061746,2.29284449247325,1.49588041015957
397.5,0.142,0,1.6792839378701,2.36885574432419,1.52393554372668
398,0.142,0,1.68640029348892,2.44432484633883,1.51651150469329
398.5,0.142,0,1.69412760761211,2.51928901698556,1.52769322479372
399,0.165,-1.003,1.70147699648563,2.59218591278561,1.43547674440654
399.5,0.165,-1.003,1.72127139377329,2.65411790253447,1.15392050861198
400,0.165,-1.003,1.75896308534371,2.70688692126138,0.851081678563183
400.5,0.142,0,1.80993807769819,2.75238766163688,0.606940386836342
401,0.142,0,1.87212802128572,2.78959423727389,0.582153096559823
401.5,0.142,0,1.93492374600614,2.82593901691502,0.505778391600902
402,0.142,0,1.99858426454942,2.86290102501509,0.419023657950586
402.5,0.142,0,2.06177925240555,2.89931421467093,0.337654857025841
403,0.142,0,2.12533517807947,2.93646809615754,0.247955176726158
403.5,0.165,-1.003,2.18850732733898,2.97264776763849,0.173804964613021
404,0.165,-1.003,2.25281362248915,3.00807425530438,0.047676402742951
404.5,0.165,-1.003,2.32057658521446,3.00601158010804,-0.176536653862994
405,0.142,0,2.38734127997595,2.98322215693495,-0.362319840871683
405.5,0.142,0,2.45704604776392,2.95675342102812,-0.394283475516087
406,0.142,0,2.5260639146287,2.92656446614094,-0.386397200290057
406.5,0.142,0,2.59612856121371,2.89816099678123,-0.391301296006276
407,0.142,0,2.66614950539308,2.86800685270032,-0.384751730736118
407.5,0.142,0,2.73537118601921,2.83924223899962,-0.390097413213439
408,0.142,0,2.80475138529173,2.80951104116773,-0.377409067323894
408.5,0.165,-1.003,2.87200168613536,2.7811658253401,-0.466572938988334
409,0.142,0,2.92815659053618,2.74425200236578,-0.768026711535793
409.5,0.142,0,2.9786203352536,2.69014261076182,-0.842057801823721
410,0.142,0,3.0289278374539,2.63469823767675,-0.832991758591543
410.5,0.142,0,3.07925303900599,2.57858027190969,-0.836985306177986
411,0.142,0,3.13090807502176,2.52223539031391,-0.841140026153374
411.5,0.142,0,3.18250738569437,2.46581895358198,-0.84790942361324
412,0.142,0,3.23402367766716,2.40948975373612,-0.849397661034317
412.5,0.142,0,3.2856874607056,2.35337470528773,-0.848773799695163
413,0.142,0,3.33691439852989,2.2969106004906,-0.849653539644446
413.5,0.142,0,3.38770351106849,2.2410389422363,-0.845180448762033
414,0.142,0,3.43791596325502,2.18545818276032,-0.845758998282767
414.5,0.142,0,3.48887444998027,2.13017207630709,-0.841002479730768
415,0.165,-1.003,3.5371726199946,2.07490094792947,-0.987692745384896
415.5,0.165,-1.003,3.56867400180598,2.01479009425341,-1.31995555265639
416,0.142,0,3.58661432467458,1.94499633509422,-1.46714007878288
416.5,0.142,0,3.59647195989475,1.8698281559277,-1.43751649177096
417,0.142,0,3.61155650757977,1.79451558584157,-1.46582754989271
417.5,0.142,0,3.62084792712462,1.71897155382655,-1.44118491945482
418,0.142,0,3.62891509477219,1.64460150288433,-1.41470327507793
418.5,0.142,0,3.64138105423245,1.56952869315337,-1.41433689731155
419,0.142,0,3.65297589208248,1.494586764732,-1.40741796131978
419.5,0.142,0,3.66608625360682,1.41894616532545,-1.41181716888669
420,0.142,0,3.67829322176144,1.34396900688289,-1.41033392254763
420.5,0.142,0,3.69157014314424,1.26880254183923,-1.41209081854698
421,0.142,0,3.70341799699501,1.19440016860126,-1.41239715853069
421.5,0.142,0,3.71529581544744,1.12081749055337,-1.41154115978427
422,0.142,0,3.72754901175938,1.04620487741753,-1.41022243445571
422.5,0.142,0,3.73914497704105,0.971967878662848,-1.40854069119379
423,0.142,0,3.75107911950023,0.896966252930292,-1.40739343251909
423.5,0.142,0,3.76268515319676,0.822230045207732,-1.40765231851515
424,0.142,0,3.77408986657738,0.747237708725345,-1.40445959644836
424.5,0.142,0,3.78620333190353,0.671922518327702,-1.41193949555709
425,0.142,0,3.79869516450037,0.596685633786513,-1.40855535326209
425.5,0.165,-1.003,3.80984607856434,0.526698395292071,-1.51455180244805
426,0.142,0,3.80563891660761,0.46433371540938,-1.82455279971832
426.5,0.142,0,3.78323304871609,0.395683894073628,-1.92564876344161
427,0.142,0,3.7573637285792,0.32422326484794,-1.91123397989819
427.5,0.142,0,3.73122327115019,0.2525779155308,-1.91652516245273
428,0.142,0,3.70535150541821,0.181289105542353,-1.91277357656947
428.5,0.142,0,3.67921278638206,0.110062742990639,-1.91342503886618
429,0.165,-1.003,3.6538498512539,0.0389349962313653,-1.93115378041384
429.5,0.165,-1.003,3.62496464196647,-0.0230197164808679,-2.17909710641216
430,0.165,-1.003,3.57975911816911,-0.071744762852302,-2.47941465088992
430.5,0.165,-1.003,3.52244482963225,-0.107037171206958,-2.77738114518917
431,0.142,0,3.45694435266643,-0.123132193051723,-3.0624193730627
431.5,0.165,0.902,3.38309720312006,-0.124218352307692,-3.13720593713277
432,0.165,0.902,3.31482622182205,-0.130677566942126,-2.87076993126958
432.5,0.142,0,3.25354480332338,-0.157150666572622,-2.64380028885188
433,0.142,0,3.18615442152948,-0.19380115783287,-2.6159897203555
433.5,0.165,-1.003,3.12168705201124,-0.227085391288572,-2.74294825111756
434,0.165,-1.003,3.05845618327984,-0.245246317911007,-3.10475527091776
434.5,0.165,0.902,2.99058884635685,-0.24154318704311,3.09292792539494
435,0.165,0.902,2.92426805919706,-0.247935834209465,-2.87255791066423
435.5,0.142,0,2.85579397946652,-0.271669909272607,-2.76806064300237
436,0.142,0,2.78536460363807,-0.299407162611951,-2.77917265339276
436.5,0.142,0,2.71453661884206,-0.326169058026969,-2.77219149625945
437,0.142,0,2.6464373806049,-0.355996136998638,-2.80779124527863
437.5,0.142,0,2.57622452248114,-0.385360256291266,-2.83095543186371
438,0.142,0,2.50541239009108,-0.412579300158249,-2.82090183426892
438.5,0.165,0.902,2.43281561315325,-0.437348524578584,-2.81038859158897
439,0.165,0.902,2.36708370934164,-0.462771447469477,-2.57330372881643
439.5,0.142,0,2.31252509416785,-0.507301137763372,-2.41248098920557
440,0.142,0,2.25562516677832,-0.557603911437714,-2.42973001594202
440.5,0.142,0,2.19921002022411,-0.606725508888301,-2.41972450649213
441,0.142,0,2.14190239033261,-0.656047017452202,-2.4245301905671
441.5,0.142,0,2.0850240193184,-0.706001814529175,-2.41743390048773
442,0.142,0,2.02816546074026,-0.755900087497005,-2.42410810865724
442.5,0.142,0,1.97067211232736,-0.805379746551975,-2.42140673345695
443,0.142,0,1.9133635152105,-0.85540371820709,-2.42042182337504
443.5,0.142,0,1.85583938435049,-0.90526791215018,-2.41938035003453
444,0.142,0,1.79910864260801,-0.955488451001369,-2.42036969165648
444.5,0.142,0,1.7418385188364,-1.00478439240902,-2.41492293086439
445,0.142,0,1.6852231901219,-1.05488953471405,-2.42173875329
445.5,0.142,0,1.62857923190371,-1.10480627184021,-2.42001153425178
446,0.142,0,1.57082881753964,-1.15411554391597,-2.416087455667
446.5,0.142,0,1.51366556690186,-1.20423361081418,-2.418820096607
447,0.142,0,1.4562635682622,-1.25412496957648,-2.41857778142135
447.5,0.142,0,1.39916558259815,-1.30391853828226,-2.41785318672785
448,0.142,0,1.34181024744393,-1.3538833893395,-2.4218219799411
448.5,0.142,0,1.28449216041691,-1.4038655037798,-2.4169650270886
449,0.165,-1.003,1.22746761433721,-1.45334969658434,-2.44981343795631
449.5,0.165,-1.003,1.17146347930784,-1.49129746381707,-2.71371685088656
450,0.165,-1.003,1.10846223514446,-1.51045843519988,-3.01488773918889
450.5,0.165,-1.003,1.04158611560028,-1.51177293756541,2.96366974136871
451,0.142,0,0.977772480976453,-1.49283313809785,2.68819900287198
451.5,0.142,0,0.913098154570409,-1.45865377972234,2.65111787313912
452,0.142,0,0.846201996342067,-1.42348128975935,2.65885549207115
452.5,0.142,0,0.779399755637965,-1.38792458252743,2.65599455578767
453,0.142,0,0.712699208466374,-1.35267958142829,2.65803920832072
453.5,0.142,0,0.645561936999703,-1.31685902925853,2.65591455921724
454,0.142,0,0.579377908903373,-1.28131042903278,2.66092432092605
454.5,0.165,-1.003,0.512942961359771,-1.24604367348015,2.6328340176702
455,0.165,-1.003,0.456688453500628,-1.20844956844342,2.37069817051426
455.5,0.165,-1.003,0.414420729796296,-1.15483971382373,2.06558596630954
456,0.165,-1.003,0.393477142791344,-1.09627811438001,1.79324632529038
456.5,0.165,-1.003,0.386810054724919,-1.02834452275071,1.48464352926625
457,0.165,-1.003,0.398680869918172,-0.961104585770135,1.18324827630589
457.5,0.165,-1.003,0.431452914774034,-0.904114921181396,0.885557894743494
458,0.165,-1.003,0.480088067805821,-0.855941355288229,0.589360586639552
458.5,0.142,0,0.542609697103568,-0.827484223152992,0.30635604794766
459,0.142,0,0.614338289871979,-0.809903934529319,0.226194319356181
459.5,0.142,0,0.688941171928213,-0.792557880018041,0.238138810137055
460,0.142,0,0.762399996568979,-0.776274662116843,0.234115268553081
460.5,0.142,0,0.836097303740056,-0.758691544264808,0.233507455207247
461,0.142,0,0.910055567045906,-0.741441138633122,0.234609871145147
461.5,0.165,-1.003,0.98336202663628,-0.725194381555931,0.204263258937608
462,0.165,-1.003,1.04780087843687,-0.717895613681413,-0.06380606265393
462.5,0.165,-1.003,1.10808602898096,-0.731021424516,-0.347955627199607
463,0.142,0,1.16736235050131,-0.763501639064341,-0.634263428404627
463.5,0.142,0,1.22591224239648,-0.810600146431367,-0.712901175396149
