t,v,w,x,y,theta
464,0.142,0,1.28346876501855,-0.859306280868524,-0.702431224828985
464.5,0.142,0,1.34162935883072,-0.907991766922117,-0.717278634188777
465,0.142,0,1.39947480318143,-0.957744422796803,-0.70888303439814
465.5,0.142,0,1.45698051665113,-1.00704043113919,-0.712811112542654
466,0.142,0,1.51274323422874,-1.05644819298385,-0.709473916709651
466.5,0.142,0,1.5694089656266,-1.1061279775939,-0.706278164094354
467,0.142,0,1.62719427248463,-1.1558564024182,-0.704572758882331
467.5,0.142,0,1.68500077503426,-1.2060600163706,-0.703527677930277
468,0.142,0,1.74195356506678,-1.25566217260829,-0.70310534399016
468.5,0.142,0,1.79906739999865,-1.30510725663443,-0.707596021579653
469,0.142,0,1.85661573169018,-1.35461203594544,-0.707275949147867
469.5,0.142,0,1.91379177308776,-1.40406560518166,-0.707924875027331
470,0.142,0,1.97063067542021,-1.45391702369435,-0.709172970463132
470.5,0.142,0,2.02819461892593,-1.50354160169152,-0.706954918468645
471,0.142,0,2.08459197312433,-1.5533002101871,-0.707166910184202
471.5,0.142,0,2.14191192539518,-1.60315261069368,-0.70701609875901
472,0.142,0,2.19938059025798,-1.65233428293094,-0.71557753498733
472.5,0.142,0,2.25706528196812,-1.7024805675093,-0.709028059667899
473,0.142,0,2.31436892168514,-1.7513947655713,-0.722582254842729
473.5,0.142,0,2.37107167234201,-1.80184748805596,-0.704129063300361
474,0.165,-1.003,2.42625045172449,-1.85036076478465,-0.797152292899483
474.5,0.165,-1.003,2.46655510766729,-1.90190666503037,-1.09235813240264
475,0.165,-1.003,2.49041985227548,-1.96471205932888,-1.39594469185377
475.5,0.142,0,2.49854413735591,-2.03712426896794,-1.51472842059122
476,0.142,0,2.50297090312587,-2.11346659932538,-1.49463879653875
476.5,0.142,0,2.50870183385839,-2.18865078533313,-1.5029067504723
477,0.142,0,2.51432025165488,-2.26386778287587,-1.50344107155413
477.5,0.142,0,2.51870385992503,-2.33946642329792,-1.50782730760484
478,0.142,0,2.52313279250305,-2.41460382778141,-1.5038387197693
478.5,0.142,0,2.52844042041296,-2.48987804555377,-1.51054279630714
479,0.142,0,2.53275203063321,-2.56559927558698,-1.50581110379353
479.5,0.142,0,2.53722863705972,-2.64076039612052,-1.50399171410905
480,0.142,0,2.54211413609438,-2.71691819346937,-1.50692344928319
480.5,0.142,0,2.54662872811647,-2.79276966048237,-1.50644510182571
481,0.142,0,2.55072426350603,-2.8677466794304,-1.50750349913466
481.5,0.142,0,2.55486639745178,-2.94358922353721,-1.50945976282258
482,0.142,0,2.55915779164439,-3.01934399533793,-1.50757154420212
482.5,0.142,0,2.56306682726299,-3.09543500180804,-1.50539510703661
483,0.142,0,2.56750449884697,-3.17177537151134,-1.5043930283724
483.5,0.142,0,2.5727186371669,-3.24775648719961,-1.50700551549099
484,0.142,0,2.57718148695564,-3.32370569659941,-1.51036633777279
484.5,0.142,0,2.58150621824833,-3.39952405907314,-1.51303677566477
485,0.142,0,2.58580350951453,-3.47518992155188,-1.51214216073175
485.5,0.142,0,2.58988343269267,-3.55168360266103,-1.51173971850606
486,0.142,0,2.59434223698443,-3.6271167736947,-1.51221104348016
486.5,0.142,0,2.59977391625754,-3.70333320313096,-1.52482130175343
487,0.142,0,2.60381705919807,-3.77833496929454,-1.52587377449385
487.5,0.142,0,2.60779356289936,-3.85381665819638,-1.52467055308226
488,0.142,0,2.61162105763376,-3.92961288228743,-1.52471261479095
488.5,0.142,0,2.61542044807524,-4.00475404791134,-1.52225912766787
489,0.142,0,2.61929412598062,-4.07970812067161,-1.52466886275552
489.5,0.142,0,2.62302817413881,-4.15554464324235,-1.52482943314159
490,0.142,0,2.62696580165383,-4.23043581946876,-1.5261960541801
490.5,0.142,0,2.63122549045175,-4.30606941424585,-1.52341571638335
491,0.142,0,2.63490228667218,-4.38154910812752,-1.52912058597151
491.5,0.142,0,2.6388561772622,-4.45833191720099,-1.51723298737758
492,0.165,-1.003,2.63912821873822,-4.52891658071613,-1.70468134452185
492.5,0.165,-1.003,2.62204820179624,-4.5920118101715,-2.01857511082292
493,0.165,-1.003,2.58579422414653,-4.64901007782805,-2.30387360124958
493.5,0.165,-1.003,2.535553076222,-4.69185699616981,-2.61125629626048
494,0.142,0,2.47229900400885,-4.71843632365696,-2.84985916094345
494.5,0.142,0,2.39989012783274,-4.73827526801047,-2.87181802141146
495,0.142,0,2.32725901674411,-4.7580375718162,-2.87095766005667
495.5,0.142,0,2.25496307929989,-4.77766550524579,-2.87935944841711
496,0.142,0,2.18186780164717,-4.7977255511886,-2.88124477360904
496.5,0.142,0,2.10849008163113,-4.81667688425624,-2.87973614943632
497,0.142,0,2.03490107985251,-4.8359296473866,-2.87785792425098
497.5,0.142,0,1.96299004105691,-4.85484875636006,-2.86888983833613
498,0.142,0,1.89199645618461,-4.8736546919304,-2.88434379096163
498.5,0.142,0,1.81744608822168,-4.89370831768178,-2.89034612058216
499,0.142,0,1.74507925861463,-4.91336497172225,-2.899459225238
499.5,0.142,0,1.67072771193169,-4.93260773241593,-2.89090523211351
500,0.142,0,1.59753230156377,-4.9520710301754,-2.89092480560892
500.5,0.142,0,1.52340590272626,-4.97140801924165,-2.88119720884052
501,0.165,-1.003,1.45237899877848,-4.98842650265161,-2.9884934979168
501.5,0.165,-1.003,1.38701766041448,-4.9900919430698,2.97270794476832
502,0.142,0,1.31876682121191,-4.97159475357209,2.82461044695251
502.5,0.142,0,1.24639656261249,-4.94790828065183,2.83187315788546
503,0.142,0,1.17412018398133,-4.92469901282898,2.82581706476086
503.5,0.142,0,1.10357707805635,-4.90157238604301,2.82822014042541
504,0.142,0,1.03202123694367,-4.87772586936786,2.82708320825159
504.5,0.142,0,0.960002094187157,-4.8535472252439,2.82819924357077
505,0.142,0,0.888045775913591,-4.82984105929574,2.82698428952042
505.5,0.142,0,0.815794098590211,-4.80547633873829,2.82592977548447
506,0.142,0,0.744928098868645,-4.78086101541217,2.82476884013023
506.5,0.142,0,0.673527010487409,-4.75711372017617,2.82229983732052
507,0.142,0,0.60138901573932,-4.732706680659,2.82326586371783
507.5,0.142,0,0.529189997249214,-4.70890290740824,2.82427566013398
508,0.142,0,0.456745527728408,-4.6849368404492,2.82582513072657
508.5,0.142,0,0.38500526448542,-4.66089862586412,2.82568431544843
509,0.142,0,0.313348577651673,-4.636863172528,2.83432140336047
509.5,0.142,0,0.241699837700023,-4.61276059341079,2.83075123898401
510,0.142,0,0.169877585098971,-4.58984154566001,2.82910823617077
510.5,0.165,-1.003,0.0989423601963766,-4.56638553407965,2.76407806858564
511,0.165,-1.003,0.0407401569679049,-4.53525723945825,2.47452047700694
511.5,0.165,-1.003,-0.00634346561085191,-4.48656453503208,2.17973273333802
512,0.165,-1.003,-0.0375652946884797,-4.4282874747544,1.87240584816334
512.5,0.165,-1.003,-0.0481596547067473,-4.36235996561115,1.56759648762756
513,0.165,-1.003,-0.0411050494593304,-4.29728285214862,1.27856634632659
513.5,0.165,-1.003,-0.0131193638236418,-4.23585043687831,0.981363123155421
514,0.165,-1.003,0.0304682965982445,-4.18409169060338,0.680612506032773
514.5,0.165,-1.003,0.0859294849565822,-4.15012389543813,0.392615356745292
515,0.165,-1.003,0.150680535918786,-4.13193946210962,0.086275410610769
515.5,0.165,-1.003,0.217457138475635,-4.13375280603166,-0.213302754355558
516,0.165,-1.003,0.279793773316449,-4.15528651507618,-0.521665737608816
516.5,0.142,0,0.340086352643465,-4.19601855305412,-0.634851155283096
517,0.142,0,0.402323002310966,-4.24148556781543,-0.621621233305179
517.5,0.142,0,0.46429227089087,-4.28496812361772,-0.631627837694394
518,0.142,0,0.526392798234876,-4.32919890492871,-0.627315711719681
518.5,0.142,0,0.587545090163528,-4.37250751683259,-0.631260458169546
519,0.142,0,0.649606248783002,-4.41625326279722,-0.631559775851615
519.5,0.142,0,0.7101766532761,-4.46049018400083,-0.627580744670429
520,0.142,0,0.771854794868631,-4.50470785593813,-0.63107624870937
520.5,0.142,0,0.834179722403804,-4.54922610998551,-0.639714321846062
521,0.142,0,0.895152530827934,-4.59361834130925,-0.637071925771922
521.5,0.142,0,0.956733544843746,-4.63798556286626,-0.634472455823528
522,0.142,0,1.01824983241581,-4.6826241514908,-0.6335411259334
522.5,0.142,0,1.07955410539843,-4.72707960709444,-0.629882582490572
523,0.142,0,1.14167486563596,-4.77152783434449,-0.633098552264113
523.5,0.142,0,1.20270646969506,-4.81621099969522,-0.629489630343285
524,0.142,0,1.26373420763196,-4.86029200893946,-0.635137750463559
524.5,0.165,0.902,1.32451757275959,-4.90477924819406,-0.593144151989397
525,0.165,0.902,1.38269605672184,-4.93689286523914,-0.319738663065349
525.5,0.165,0.902,1.44698980782539,-4.94968537185371,-0.0160987069894727
526,0.165,0.902,1.51321487930234,-4.9431436656986,0.271214642340878
526.5,0.165,0.902,1.57540622981666,-4.91795533948128,0.568092567473644
527,0.165,0.902,1.62706120172044,-4.87496755507009,0.86341243165591
527.5,0.165,0.902,1.66351180767446,-4.81909447411089,1.15906681725792
528,0.165,0.902,1.6833146222224,-4.75532474415024,1.44434359024133
528.5,0.165,0.902,1.68328237414118,-4.68958059623126,1.75433152271462
529,0.142,0,1.66419707858186,-4.6231196364421,1.92288103597418
529.5,0.142,0,1.63672452953685,-4.55013057719143,1.91482064413079
530,0.142,0,1.61080034851687,-4.47781093496678,1.91384380529478
530.5,0.165,0.902,1.58338658429747,-4.41109606285566,2.06548498048326
531,0.165,0.902,1.54490250951125,-4.35749063973525,2.38004497287153
531.5,0.165,0.902,1.491880793858,-4.31680538185504,2.67035122558964
532,0.165,0.902,1.42881294127645,-4.29359918867027,2.96303480160969
532.5,0.165,0.902,1.3624791561118,-4.28975752126628,-3.02871100521649
533,0.165,0.902,1.29787606348462,-4.30457650456862,-2.72389794713675
533.5,0.142,0,1.23961741700525,-4.33961445056991,-2.4775814627169
534,0.142,0,1.18188769661237,-4.38788362199738,-2.44875110699783
534.5,0.142,0,1.12287859376276,-4.43553548114025,-2.45198422548287
535,0.142,0,1.06485890612748,-4.48339574561055,-2.45021976305557
535.5,0.142,0,1.00658495602653,-4.5311480891948,-2.45248154486122
536,0.142,0,0.947719941580934,-4.57922425683851,-2.44997902892569
536.5,0.142,0,0.889153083261867,-4.62705998786742,-2.45549475954464
537,0.142,0,0.830130885151807,-4.67570213970298,-2.44527259904523
537.5,0.165,-1.003,0.77387222710666,-4.71788469983738,-2.60696465422248
538,0.165,-1.003,0.714098775839993,-4.74477652599318,-2.93553680721494
538.5,0.165,-1.003,0.6479069012638,-4.75110509729081,3.0626826293578
539,0.165,-1.003,0.581739926608573,-4.73654555779386,2.76548790303201
539.5,0.165,-1.003,0.523873036353899,-4.70269044317158,2.49322031642001
540,0.165,-1.003,0.476633614122408,-4.65527287701881,2.18495101573541
540.5,0.165,-1.003,0.443626646316298,-4.59799593886475,1.86444058749061
541,0.165,-1.003,0.433814151663022,-4.53129921976297,1.57665830603881
541.5,0.165,-1.003,0.439735426507563,-4.46742910211846,1.28179362403118
542,0.165,-1.003,0.467498690068801,-4.40488552869218,0.988159560911297
542.5,0.142,0,0.512121412253107,-4.35267276114839,0.687857516820205
543,0.142,0,0.570735087559633,-4.30921210153757,0.605322836579859
543.5,0.142,0,0.633427634319467,-4.26543239985697,0.616357662866469
544,0.142,0,0.69404006426547,-4.22229190546974,0.613362577326146
544.5,0.142,0,0.755565246527857,-4.17879647048336,0.617569098370588
545,0.142,0,0.816968022364835,-4.13550360045352,0.615943216438759
545.5,0.142,0,0.878983171607437,-4.09266655441868,0.626218453051053
546,0.142,0,0.941175513285632,-4.04885953489061,0.623639172882247
546.5,0.142,0,1.00245334688514,-4.00365926794967,0.618964919529766
547,0.142,0,1.06428063860026,-3.95996926726305,0.61661292101446
547.5,0.142,0,1.12583121716327,-3.91646703468947,0.614974759281939
548,0.142,0,1.18799073492614,-3.87229749604035,0.61476328937154
548.5,0.142,0,1.24978903602636,-3.82892662484585,0.611731605155834
549,0.142,0,1.31194587253296,-3.78538271962735,0.610503038969169
549.5,0.142,0,1.3738679643072,-3.74169452180788,0.609629738413719
550,0.142,0,1.43605036885888,-3.69783861485736,0.608788616296749
550.5,0.142,0,1.49818577902757,-3.65415976110267,0.609295064445728
551,0.142,0,1.56039764803261,-3.61007234637118,0.604752721898964
551.5,0.142,0,1.62308901637398,-3.56921408328063,0.614971192941481
552,0.142,0,1.68505377720146,-3.52642482788445,0.620099252422924
552.5,0.142,0,1.74756519455506,-3.48241450055572,0.618817726938123
553,0.142,0,1.80932578277797,-3.43926774516532,0.618148387903194
553.5,0.142,0,1.87157294163524,-3.39586294009847,0.620463339276708
554,0.142,0,1.93339626314174,-3.35221295430035,0.617929244546953
554.5,0.142,0,1.99500482069794,-3.30899506504282,0.618579562474868
555,0.142,0,2.0575277272676,-3.26534112440065,0.618285812142752
555.5,0.142,0,2.11952782832909,-3.2217806233803,0.617223804258131
556,0.142,0,2.18050342726495,-3.17885779405843,0.620184927714963
556.5,0.142,0,2.24235385123772,-3.13579322982488,0.621533114965453
557,0.142,0,2.30472039058703,-3.0925624966033,0.619825996242731
557.5,0.142,0,2.36666433773351,-3.04888532393403,0.625375536959242
558,0.142,0,2.42855420109542,-3.0060061891894,0.618923142613554
558.5,0.142,0,2.49103199432462,-2.96243006550411,0.636435503202028
559,0.165,-1.003,2.551948987761,-2.92109382007483,0.530805221797738
559.5,0.142,0,2.61236296184264,-2.89525663955718,0.252040492402342
560,0.142,0,2.68505313813332,-2.87967955690754,0.181679934999972
560.5,0.165,-1.003,2.76049208176382,-2.86572115737052,0.203136918859934
561,0.165,-1.003,2.82832412466168,-2.85714363615298,-0.0181356645383319
561.5,0.142,0,2.89746845936833,-2.86638641276108,-0.164769787913973
562,0.142,0,2.97338186931041,-2.88000624651897,-0.156571862791648
562.5,0.165,0.902,3.04421182600276,-2.8889889333426,-0.00279820606360026
563,0.165,0.902,3.11006490856158,-2.88094808217415,0.314602233928681
563.5,0.165,0.902,3.17082146546702,-2.85265841078779,0.58759203559571
564,0.165,0.902,3.22128606322286,-2.8073603679587,0.874809049448624
564.5,0.165,0.902,3.25630336810745,-2.75087070949064,1.16698573837431
565,0.165,0.902,3.27446976296693,-2.68712324176847,1.46975529878581
565.5,0.142,0,3.27361928858378,-2.62010400971799,1.75611495453069
566,0.142,0,3.26036970437893,-2.54589468988311,1.85871356738732
566.5,0.142,0,3.24314708725909,-2.47155835908534,1.85075667975722
567,0.142,0,3.22594810761909,-2.39871628084333,1.84917172635898
567.5,0.142,0,3.20881376670425,-2.32509228809102,1.84568837404293
568,0.142,0,3.19188486960959,-2.252026089272,1.8479978046922
568.5,0.142,0,3.17528155367125,-2.17799337770389,1.8502467491166
569,0.165,0.902,3.15815716216303,-2.10515008582662,1.85587093573989
569.5,0.165,0.902,3.13344359487074,-2.04410977555695,2.0556749464727
570,0.165,0.902,3.09491474842367,-1.98902501986303,2.36453064344987
570.5,0.165,0.902,3.04111224498737,-1.94869205723465,2.64448578009551
571,0.165,0.902,2.98000704869268,-1.92364053298099,2.93124372510353
571.5,0.165,0.902,2.91314133714413,-1.91831792695413,-3.05730955366111
572,0.165,0.902,2.84818413033944,-1.93329411195568,-2.75723355844582
572.5,0.165,0.902,2.79036070278898,-1.96572879634567,-2.4474517694476
573,0.165,0.902,2.74398926941622,-2.01570318840625,-2.16127705347619
573.5,0.165,0.902,2.71396986938985,-2.07490992292727,-1.86000661187213
574,0.142,0,2.7051687640662,-2.14007689717266,-1.62363707202147
574.5,0.142,0,2.70362604522569,-2.21491562706021,-1.59361385425575
575,0.142,0,2.70122091914244,-2.29083837442667,-1.5959435540475
575.5,0.142,0,2.69925967656287,-2.3665295691557,-1.5805738277386
576,0.165,-1.003,2.69762845400545,-2.44187480384983,-1.6620176792898
576.5,0.165,-1.003,2.68302336358295,-2.5084865562721,-1.96078301548462
577,0.165,-1.003,2.65060452936727,-2.56527528148958,-2.24643695845332
577.5,0.142,0,2.60353484118523,-2.61076857811421,-2.54031582184022
578,0.142,0,2.54083071244371,-2.65008417891323,-2.60729492913399
578.5,0.142,0,2.4760897407718,-2.68908342793675,-2.59361258155102
579,0.142,0,2.41092366038297,-2.7283108329738,-2.59799698750509
579.5,0.142,0,2.34623712834044,-2.76747344038813,-2.59526582389239
580,0.142,0,2.28168295373445,-2.80637863863566,-2.59637424770048
580.5,0.142,0,2.21660973011951,-2.84545344361454,-2.59280541279718
581,0.142,0,2.15149762973676,-2.88424636236128,-2.59396254902567
581.5,0.142,0,2.0861397167221,-2.92361979291432,-2.58545361310797
582,0.142,0,2.02187141127294,-2.96173818275522,-2.59334247398563
582.5,0.165,-1.003,1.95702484690867,-3.0008681130368,-2.58685902977358
583,0.142,0,1.89394452961359,-3.03410475406644,-2.80658614454042
583.5,0.142,0,1.82449669861994,-3.05417906413415,-2.91010819398929
584,0.142,0,1.750381622014,-3.07252535091682,-2.89475653254848
584.5,0.142,0,1.67768956939886,-3.09071471320039,-2.89342094809889
585,0.142,0,1.6037451567051,-3.10950505431339,-2.9056984430736
585.5,0.165,0.902,1.53449929060152,-3.12698570879367,-2.75458250417331
586,0.165,0.902,1.47487327608746,-3.15659026153314,-2.40396608009647
586.5,0.142,0,1.42843626124538,-3.20665608681422,-2.12984430007024
587,0.142,0,1.38971610412367,-3.26918241409082,-2.05272173984778
587.5,0.142,0,1.35018458684865,-3.33444535560585,-2.07285993268222
588,0.142,0,1.31070736865764,-3.39916758894042,-2.0647695964923
588.5,0.142,0,1.27150161808899,-3.46445932036993,-2.07015090778618
589,0.142,0,1.23285332717623,-3.52904174468549,-2.0716685449552
589.5,0.142,0,1.19360393540727,-3.5941760964952,-2.07623921171279
590,0.142,0,1.15456532196052,-3.65835669625276,-2.07635433251806
590.5,0.142,0,1.11417963574951,-3.72440981292591,-2.07607073952893
591,0.142,0,1.07604395102928,-3.78755387404791,-2.07965321960386
591.5,0.142,0,1.03426717864612,-3.855105414653,-2.07796480538734
592,0,0,1.00816894768595,-3.90177315566725,-2.10822547951422
592.5,0,0,1.00951249851749,-3.90185740395835,-2.12677143808166
593,0,0,1.00858586875575,-3.90268548304757,-2.12167889043717
593.5,0,0,1.00918284752819,-3.9020519346123,-2.12438628091089
594,0,0,1.00879278920373,-3.90241844822726,-2.12264559412839
594.5,0,0,1.00903296503439,-3.90215023272776,-2.12374612798427
595,0,0,1.0089203364857,-3.90232099445589,-2.12313981749346
595.5,0,0,1.00903494508597,-3.90217675646245,-2.1236677684774
596,0,0,1.0090209192112,-3.90214706806322,-2.12352512813348
596.5,0,0,1.00905531875444,-3.90205891223369,-2.12368946265051
597,0,0,1.00897064064334,-3.90203959411691,-2.12330592682858
597.5,0,0,1.00907109722219,-3.90211032860681,-2.12380512734256
598,0,0,1.00893467048569,-3.90199871372631,-2.12334498591236
598.5,0,0,1.00900351257575,-3.90219927023601,-2.12492491820058
599,0,0,1.00900478769449,-3.90187228648566,-2.12164648113679
599.5,0,0,1.00927288208496,-3.90225279455915,-2.12799990030796
600,0.165,0.902,1.00691714662252,-3.90477744979732,-2.09342387396829
600.5,0.165,0.902,0.986305993013343,-3.95396717677864,-1.83127569980393
601,0.142,0,0.976931986862912,-4.01930620361185,-1.53437902571109
601.5,0.142,0,0.984038788156668,-4.09626258473355,-1.47337597457514
602,0,0,0.987153652961913,-4.13060191229612,-1.48311965636867
602.5,0,0,0.987163267675343,-4.12583249144338,-1.47849041345943
603,0,0,0.987437015697203,-4.1282761754929,-1.48217067042915
603.5,0,0,0.98727256644038,-4.1266793518978,-1.48081671192676
604,0,0,0.987363861809939,-4.12780556122948,-1.48102004052814
604.5,0,0,0.987239033848024,-4.12695491095816,-1.48227039570303
605,0,0,0.987505499351112,-4.12699739323341,-1.4802530572357
605.5,0.165,0.902,0.987569827624839,-4.12706755832929,-1.4726322708187
606,0.165,0.902,0.995708808964375,-4.17328852925996,-1.23156934568042
606.5,0.165,0.902,1.02557054061531,-4.23436745593918,-0.932239210295323
607,0.165,0.902,1.07249526750091,-4.27994250345241,-0.663175902084159
607.5,0.165,0.902,1.12928382101358,-4.31452207467461,-0.359482985429015
608,0.165,0.902,1.19410465258771,-4.33115211035667,-0.0560589105381903
608.5,0.165,0.902,1.25934409290381,-4.32696448027514,0.239857270531553
609,0.165,0.902,1.32086941289204,-4.30385064149943,0.536591678797453
609.5,0.165,0.902,1.37430008657978,-4.26540453989899,0.838320758929634
610,0.142,0,1.41204246193132,-4.20798518744816,1.11846743625568
610.5,0.142,0,1.4400077255867,-4.13997405390571,1.20085297493269
611,0.142,0,1.46765923893151,-4.06942795925305,1.17949344593499
611.5,0.142,0,1.49623894778345,-3.99944581095485,1.19700618292958
612,0.165,-1.003,1.52377942431336,-3.92897303069632,1.13011253560829
612.5,0.142,0,1.55969142149364,-3.87075828419668,0.869537899014885
613,0.142,0,1.60986433694881,-3.81603567051857,0.828868304040164
613.5,0.142,0,1.66066384588042,-3.75956513012025,0.832434398732657
614,0.142,0,1.71207938936352,-3.70359942739455,0.832495289074258
614.5,0.142,0,1.76290200328967,-3.64737298247793,0.829790808250054
615,0.142,0,1.81477580543506,-3.59128782666264,0.836109246626869
615.5,0.165,-1.003,1.86544771238094,-3.53706329823247,0.774321753836419
616,0.165,-1.003,1.91772968707547,-3.49868250517804,0.490415981157774
616.5,0.165,-1.003,1.97885731474799,-3.47635525049674,0.208610223705032
617,0.165,-1.003,2.04389688616536,-3.47064715601909,-0.108504508059519
617.5,0.142,0,2.114858104728,-3.4850526040377,-0.23392189742777
618,0.142,0,2.18909510557085,-3.50365327261587,-0.217685683972905
618.5,0.142,0,2.26253786176526,-3.52161541856281,-0.226022607490641
619,0.165,0.902,2.33526852901922,-3.53958244035584,-0.196559653864303
619.5,0.165,0.902,2.40319978993003,-3.54774315063504,0.0536011930504543
620,0.165,0.902,2.46903283867797,-3.53615693979646,0.351047108992807
620.5,0.165,0.902,2.52842848767557,-3.50668381914046,0.648934636583626
621,0.142,0,2.57858007920776,-3.45751312797423,0.884130390446349
621.5,0.142,0,2.62571163926012,-3.39787412559222,0.897172098661516
622,0.142,0,2.67334775913699,-3.33862983612285,0.894425194986079
622.5,0.142,0,2.72012933983571,-3.27849739395195,0.888494763885218
623,0.142,0,2.76674759352338,-3.21837079612036,0.882695655781548
623.5,0.142,0,2.81353128653684,-3.15902088365414,0.877979165216996
624,0.142,0,2.86087736132227,-3.1002167949757,0.87725911212101
624.5,0.142,0,2.9081661692873,-3.0417157440602,0.873918119852477
625,0.142,0,2.95552851993315,-2.98341773495996,0.871477311997831
625.5,0.142,0,3.00342064178393,-2.92465489450457,0.872259329663454
626,0.142,0,3.05170592694057,-2.86555943147568,0.867815766873988
626.5,0.142,0,3.10007349717368,-2.80672260609264,0.865136506581564
627,0.165,0.902,3.1467091984973,-2.7490964153815,0.912208345347587
627.5,0.165,0.902,3.18046390455105,-2.69214084624983,1.20810252179836
628,0.142,0,3.19811296794798,-2.62424216844548,1.37576977212455
628.5,0.165,0.902,3.21284004883696,-2.5506217516291,1.3996899126385
629,0.165,0.902,3.21810419138227,-2.48365090777652,1.65664958564211
629.5,0.165,0.902,3.20496000164731,-2.42192203100368,1.97713485201546
630,0.142,0,3.17044867508105,-2.36036712212342,2.16897658707304
630.5,0.142,0,3.12934248330341,-2.29776658370985,2.17054984998645
631,0.142,0,3.08829907423979,-2.23559649901991,2.17243445871947
631.5,0.142,0,3.04613075876144,-2.17204083606218,2.16344751370047
632,0.142,0,3.00439590192043,-2.1089328880454,2.1636154531398
632.5,0.142,0,2.96249143666984,-2.04546590942017,2.16305354771313
633,0.142,0,2.92097790046075,-1.98208122037104,2.16126522834076
633.5,0.142,0,2.87923242492374,-1.9193512279958,2.16056335631442
634,0.142,0,2.8374860888137,-1.85603522563998,2.15813251864503
634.5,0.142,0,2.79610892182589,-1.79265739324118,2.15640263023949
635,0.142,0,2.75448653657125,-1.7295590001064,2.1562169469947
635.5,0.142,0,2.71279578824192,-1.66553919796768,2.15364030059047
636,0.142,0,2.67133249805154,-1.60243371043352,2.15340804367048
636.5,0.142,0,2.63000989254655,-1.5391469522972,2.15269675977166
637,0.165,-1.003,2.58885683829549,-1.47679507946243,2.13317872558591
637.5,0.165,-1.003,2.55863840799165,-1.41776558247177,1.89750821175638
638,0.165,-1.003,2.54856826010472,-1.35043162464964,1.60909787674
638.5,0.142,0,2.55805920209017,-1.28273529591169,1.37821641427044
639,0.142,0,2.57909595133072,-1.21094554898368,1.34324370747221
639.5,0.142,0,2.59924559798428,-1.13764935032296,1.35104209609652
640,0.142,0,2.62019775174074,-1.06437523518235,1.34948502455379
640.5,0.165,-1.003,2.63975768080588,-0.991767958531493,1.32369893762677
641,0.165,-1.003,2.66479830598326,-0.930514486213754,1.06571203972345
641.5,0.165,-1.003,2.70377100316465,-0.878318589270294,0.755012273782782
642,0.165,-1.003,2.7554228893439,-0.837836235839125,0.393994353147012
642.5,0.142,0,2.82491843827356,-0.814055632715503,0.270354589306994
643,0.142,0,2.8969539750451,-0.792399502932443,0.282658789887629
643.5,0.142,0,2.96921094310945,-0.769774190296737,0.281573158803645
644,0.142,0,3.04263275362206,-0.749520859190141,0.279105643368793
644.5,0.165,0.902,3.11007207402295,-0.729586333219096,0.447154659246342
645,0.165,0.902,3.1652360893021,-0.694443672896033,0.755125400526728
645.5,0.165,0.902,3.20979461563072,-0.643080334726957,1.04930439778279
646,0.142,0,3.2418954097116,-0.576514011261935,1.16808036409883
646.5,0.142,0,3.27283151127684,-0.50774751880384,1.15032187206685
647,0.142,0,3.30306309598451,-0.439258546808821,1.16119149418504
647.5,0.142,0,3.33364609854243,-0.369724415032528,1.1521085245712
648,0.142,0,3.36510429158897,-0.300475248111463,1.16057698727672
648.5,0.142,0,3.3964626232293,-0.230270951025272,1.15383911817606
649,0.142,0,3.42756924408436,-0.161182881703159,1.15820573025091
649.5,0.142,0,3.45822293761164,-0.0920707084112754,1.1571285647689
650,0.142,0,3.48922237815403,-0.0237030869697274,1.159298835369
650.5,0.142,0,3.51978104287841,0.0445994064565448,1.16278026261397
651,0.142,0,3.55089066313231,0.113031254755049,1.15883752764936
651.5,0.142,0,3.58274069068149,0.181480612463931,1.16680507755365
652,0.142,0,3.61379409952055,0.249800530855612,1.16430320833836
652.5,0.165,0.902,3.64437152720183,0.319043110738533,1.21670390750027
653,0.165,0.902,3.66095048887672,0.382498546055824,1.50583296508354
653.5,0,0,3.6578528230643,0.454198171531542,1.65204109236782
654,0,0,3.65517624037247,0.475407178235405,1.63285348927155
654.5,0,0,3.65556845560912,0.471817645790408,1.63762007632596
655,0,0,3.6554133826397,0.473691975268224,1.63408897103348
655.5,0,0,3.65540970339194,0.472583404691641,1.63604528307334
656,0,0,3.65541595117451,0.473108646506975,1.63484781485527
656.5,0,0,3.6553922170074,0.472853085716766,1.63560893079901
657,0,0,3.65543582850088,0.472695299859373,1.63544360737359
657.5,0,0,3.65531516821796,0.472947873102624,1.63489760260086
658,0.142,0,3.65540850469589,0.474135879241283,1.63695514653253
658.5,0.142,0,3.65109059908923,0.526385424470812,1.63716859257376
659,0.142,0,3.64476348946685,0.603345230885365,1.63597674945607
659.5,0.142,0,3.63974883011785,0.678377348448506,1.6411041477044
660,0.142,0,3.63385042268096,0.755254577347912,1.64307287623358
660.5,0.142,0,3.62733052623958,0.830594634817408,1.64059293728758
661,0.142,0,3.62163500727522,0.9060257382095,1.64322330757361
661.5,0.142,0,3.61628721194599,0.981258528145998,1.64362452955345
662,0.142,0,3.61074629778349,1.05668524615569,1.64430928207309
662.5,0.142,0,3.60459188104734,1.13252667481247,1.65043836098131
663,0.142,0,3.59921412788822,1.2080239631535,1.64453638979399
663.5,0.142,0,3.59470366179135,1.2826507874986,1.63620417136263
664,0.142,0,3.58796724672088,1.35854531913451,1.63331334092007
664.5,0.142,0,3.58212635718237,1.43454014799522,1.62418238983446
665,0.142,0,3.57689405236342,1.50971609399473,1.63616441877935
665.5,0.142,0,3.57117478025516,1.58597893388626,1.62066314327307
666,0.165,0.902,3.5657550017328,1.65619180982737,1.77427318219237
666.5,0.165,0.902,3.53892520295576,1.7153152350705,2.02516452900472
667,0.165,0.902,3.50080771749812,1.76788898858421,2.3258268995623
667.5,0.142,0,3.44900773657613,1.81726689683346,2.64688902871118
668,0.142,0,3.38532612473548,1.85514902671113,2.68261180211671
668.5,0.142,0,3.3178261648475,1.89114839979385,2.66363696426985
669,0.142,0,3.25270980998383,1.93323429454618,2.71867730555846
669.5,0.142,0,3.18544312326799,1.96759812830959,2.68510051762194
670,0.142,0,3.11852659059696,2.00545213000547,2.68464216131693
670.5,0.142,0,3.05428633391445,2.04208313183868,2.68069315102098
671,0.142,0,2.98772677562781,2.07968962225383,2.68281461977605
671.5,0.142,0,2.92188460254029,2.11659308055443,2.67537712843122
672,0.142,0,2.85471191227742,2.15408843804858,2.68292992153806
672.5,0.142,0,2.78907757992453,2.19091390116882,2.65976083406315
673,0.165,0.902,2.72312257236109,2.22754698573384,2.77262905806964
673.5,0.165,0.902,2.66348496727573,2.24790172650972,3.05896979181659
674,0.165,0.902,2.59713851971501,2.24358776933887,-2.98750821566247
674.5,0.165,0.902,2.52997077089863,2.22624605017595,-2.69575208683803
675,0.165,-1.003,2.47293102833339,2.19134616614366,-2.37001599086084
675.5,0.165,-1.003,2.4238933434013,2.14441284104591,-2.52195479788284
676,0.165,0.902,2.36791108251847,2.10959448339844,-2.78429765859134
676.5,0.142,0,2.30744490363354,2.08096369339256,-2.51220719405082
677,0.142,0,2.25017758569503,2.03538769549762,-2.45781219359901
677.5,0.142,0,2.18907284713985,1.98999736466148,-2.44611671780851
678,0.142,0,2.12892266219287,1.94384321076649,-2.43268814285158
678.5,0.142,0,2.07059102374557,1.89430528909536,-2.45300251120199
679,0.142,0,2.01089929632323,1.84692412175203,-2.45432089243505
679.5,0.142,0,1.95155519099406,1.79900602249844,-2.45452586655422
680,0.142,0,1.89170683999862,1.75146726967001,-2.46012800885373
680.5,0.142,0,1.83258674642723,1.70347970794205,-2.45482558219008
681,0.142,0,1.77343832381545,1.65552177287385,-2.46847064057365
681.5,0.165,0.902,1.71660802799655,1.61024839207374,-2.3782496373252
682,0.165,0.902,1.67184287928223,1.56186508167913,-2.0728219057526
682.5,0.165,0.902,1.64440769570138,1.49806832912492,-1.77859584855608
683,0.165,0.902,1.64334509500917,1.42815279670527,-1.49284695386527
683.5,0.165,0.902,1.66099540046654,1.36482053445544,-1.23639570279067
684,0.142,0,1.68334641631872,1.30234831389244,-0.865984259674832
684.5,0.142,0,1.73345174973438,1.24601277857175,-0.788842601175459
685,0.142,0,1.78411129346039,1.19128244831611,-0.821036579157573
685.5,0.142,0,1.83595461430188,1.13882158303207,-0.854536305540954
686,0.142,0,1.88543533563901,1.0803791279959,-0.836957506764406
686.5,0.142,0,1.93443195437399,1.01976457397734,-0.787269239307811
687,0.142,0,1.98500964100095,0.963040289703494,-0.793057113754314
687.5,0.142,0,2.03489283800609,0.906550331258317,-0.786206363811779
688,0.142,0,2.08642877004486,0.850226674049839,-0.795754193373266
688.5,0.165,0.902,2.13495152719798,0.793815871255334,-0.752422019863001
689,0.165,0.902,2.18754325697425,0.750130410810454,-0.486460400191575
689.5,0.165,0.902,2.24918213476066,0.727052463329046,-0.216158668492916
690,0.142,0,2.31714405526131,0.719753068334868,0.00913747159224343
690.5,0.142,0,2.39332999584162,0.721224980071604,0.015087164767305
691,0.142,0,2.46801551712906,0.7203761779163,0.0149662619401596
691.5,0.142,0,2.54362268209044,0.719720958824921,0.0190651538015558
692,0.142,0,2.61830466814326,0.720341411807546,0.0154675557598107
692.5,0.142,0,2.69365622228567,0.720911405380072,0.00436513866236155
693,0.142,0,2.76866135395628,0.72101842379454,0.0120114491667351
693.5,0.142,0,2.84675803484376,0.721119721641417,-0.00120766422964458
694,0.165,0.902,2.91812509506303,0.721981858910087,0.150792189255508
694.5,0.165,0.902,2.97917509225024,0.737640041710884,0.467146437001395
695,0.165,0.902,3.03617588131579,0.773641502193615,0.75536432487413
695.5,0.165,0.902,3.08037517905762,0.82494236222861,1.05975228301296
696,0.142,0,3.10575834030113,0.88864471431339,1.31149481627192
696.5,0.142,0,3.12195447745158,0.962048844649242,1.35701249180351
697,0.142,0,3.13857665796927,1.03684325959379,1.3451786267675
697.5,0.142,0,3.15503123994027,1.11150203639726,1.34979853495903
698,0.142,0,3.17173060471863,1.18601692783564,1.33743140798424
698.5,0.165,0.902,3.18524577068463,1.25657119525717,1.44717717485179
699,0.142,0,3.18452021182868,1.32093453948146,1.75621425583276
699.5,0.142,0,3.16626331870166,1.39178298462767,1.86269996810202
700,0.142,0,3.14510957981788,1.46432677748843,1.83798524160335
700.5,0.165,0.902,3.12364771124156,1.53409072036734,1.99742520209374
701,0.142,0,3.09004511614337,1.58799633003038,2.29280698591441
701.5,0.142,0,3.03932944831943,1.64020201720237,2.34762231256454
702,0.142,0,2.98580314086536,1.69792915773503,2.34836176163292
702.5,0.142,0,2.93351811709527,1.75167590481372,2.34820781052906
703,0.142,0,2.88072502518208,1.80656421357833,2.34849492525174
703.5,0.142,0,2.82758443850516,1.86115482325549,2.34637195575007
704,0.142,0,2.77466230397799,1.9163824280823,2.34280206845077
704.5,0.142,0,2.72230127564208,1.97066731961414,2.34567710096454
705,0.142,0,2.6696022094173,2.02489873923746,2.34575387699225
705.5,0.142,0,2.61700981497892,2.07912717006935,2.34572096439494
706,0.142,0,2.56412612260269,2.1333273384034,2.34736664993894
706.5,0.142,0,2.51244778733439,2.18734309925819,2.35051313767653
707,0.142,0,2.46011160779992,2.24201904329351,2.35157986414371
707.5,0.142,0,2.40706616473812,2.29641011799951,2.35292410922105
708,0.142,0,2.35437700526442,2.35080230510476,2.35300168905861
708.5,0.142,0,2.30168080678006,2.40505074336677,2.35288498503192
709,0.142,0,2.2490405167114,2.45930824021753,2.34986392905028
709.5,0.142,0,2.19659634980575,2.51387982658065,2.3516626903737
710,0.142,0,2.1442909350631,2.56848107482179,2.3551236783747
710.5,0.142,0,2.09170924656407,2.62329961084767,2.35401771843451
711,0.142,0,2.03900046394268,2.67753708625148,2.35288397110159
711.5,0.142,0,1.98647152161455,2.73166299874468,2.35082814671565
712,0.142,0,1.93373255761921,2.78577778389558,2.34403931721107
712.5,0.142,0,1.88079523632972,2.84061927742096,2.34423349615363
713,0.142,0,1.8286223616745,2.89573692815354,2.349846510536
713.5,0.142,0,1.77547361339953,2.94992317332798,2.34395961090626
714,0.142,0,1.72155090417915,3.00424312024836,2.33884993741549
714.5,0.142,0,1.66875837479054,3.05885959654383,2.33374223676983
715,0.142,0,1.61662719312416,3.112093942253,2.33805776089081
715.5,0.142,0,1.56409226426249,3.16633900484761,2.3315999008227
716,0.142,0,1.51079214088433,3.22145903676205,2.33804271106975
716.5,0.142,0,1.45620617169697,3.27556033433144,2.31385950202657
717,0.165,0.902,1.40713236476244,3.32919369643664,2.43747438780798
717.5,0.165,0.902,1.35165034159563,3.36372488977925,2.73082313773205
718,0.165,0.902,1.29069416762104,3.38287825287885,3.04441727171172
718.5,0.142,0,1.22035977189217,3.38581125480755,-3.05682123377028
719,0.142,0,1.14437488805674,3.37910849152391,-3.07577006324714
719.5,0.142,0,1.06919632462411,3.3753265392783,-3.06917063710804
720,0.142,0,0.993423810442495,3.36861722558221,-3.07828843457727
720.5,0.142,0,0.917849528058314,3.36370625168951,-3.07601270601706
721,0.142,0,0.843125639042231,3.35921227849432,-3.07904144313742
721.5,0.142,0,0.76746066320516,3.35449609399689,-3.07301092500994
722,0.142,0,0.692095528847046,3.3500183875888,-3.08138710399688
722.5,0.142,0,0.615714555573919,3.34537773256758,-3.06714350335869
723,0.142,0,0.539377311002412,3.33957335069389,-3.09225698156501
723.5,0.165,0.902,0.465773873941877,3.33640465155672,-2.94306582901452
724,0.165,0.902,0.407566746211776,3.31299941205707,-2.67436675277962
724.5,0.165,0.902,0.356237175725669,3.27015984741664,-2.40837237937654
725,0.165,0.902,0.308151382756311,3.217275385122,-2.08637744227846
725.5,0.142,0,0.283887046487024,3.15403686616274,-1.81238721632359
726,0.142,0,0.270723851705056,3.08464847657255,-1.72603620772737
726.5,0.142,0,0.258244362099094,3.00981224434357,-1.74033172486555
727,0.142,0,0.245307435027926,2.93734059363906,-1.72620814132515
727.5,0.142,0,0.232525715618191,2.86240330487607,-1.73035524659143
728,0.142,0,0.220147361150415,2.78696318261757,-1.72363161258474
728.5,0.142,0,0.206760415166218,2.71223319344202,-1.71642755547559
729,0.142,0,0.193291984548674,2.63826546593033,-1.71201899995248
729.5,0.142,0,0.180470755444165,2.56218860163431,-1.71022513212606
730,0.142,0,0.169399612695012,2.48672767812971,-1.72118139071737
730.5,0.142,0,0.154962640800833,2.41240824513758,-1.69033151956452
731,0.142,0,0.142050242101377,2.33702900160609,-1.68130896869857
731.5,0.142,0,0.130710719454088,2.2628710192544,-1.69761692336832
732,0.142,0,0.118324917950958,2.18899271036698,-1.69501365616736
732.5,0.142,0,0.10605482106899,2.11402428274414,-1.69303686400987
733,0.142,0,0.0919125925596211,2.04054657905786,-1.67666366863946
733.5,0.142,0,0.0788978913877738,1.96539353821002,-1.67164627852005
734,0.142,0,0.0662059431718269,1.8892420879242,-1.67501730862429
734.5,0.142,0,0.0543163475899493,1.81462106038839,-1.67990324761457
735,0.142,0,0.0429376583791583,1.74044855054075,-1.6859897296699
735.5,0.142,0,0.0307075302724162,1.66663323875474,-1.6892486606467
736,0.142,0,0.0186955124117178,1.59225196335484,-1.6922186037834
736.5,0.142,0,0.007229914128391,1.51686079117615,-1.70445205989397
737,0.142,0,-0.00513577285201338,1.44231744434815,-1.70894109899242
737.5,0.142,0,-0.0176040885240284,1.36762841491956,-1.7055971043152
738,0.142,0,-0.0297945093170169,1.29260907871682,-1.71000655981511
738.5,0.142,0,-0.0424081749551073,1.21755603452795,-1.7104735137691
739,0.142,0,-0.0543284726490844,1.14242103694773,-1.71009382972985
739.5,0.142,0,-0.0667951199253285,1.06747605238486,-1.71299711288603
740,0.142,0,-0.0794458707448335,0.992780714176217,-1.70780097514843
740.5,0.142,0,-0.0921253353392855,0.918456273816978,-1.70606589244603
741,0.142,0,-0.104359808492845,0.844427310113302,-1.71634714027792
741.5,0.142,0,-0.116927177450863,0.769918564265226,-1.7174728023664
742,0.142,0,-0.129688499817571,0.694788481244637,-1.72115536075463
742.5,0.142,0,-0.143869530222925,0.621118952477503,-1.70938244382575
743,0.142,0,-0.157141995459976,0.544896340445467,-1.70319084424994
743.5,0.142,0,-0.169706820351411,0.469207711201493,-1.71132705182013
744,0.142,0,-0.182798621011219,0.394703507636307,-1.70548607283809
744.5,0.142,0,-0.195115190713973,0.321301212981462,-1.70980106268633
745,0.142,0,-0.208134504875026,0.246276798971434,-1.70445964706108
745.5,0.142,0,-0.220214827750658,0.171759296347901,-1.71366391118701
746,0.142,0,-0.233801282727973,0.0959361085750264,-1.69415244838877
746.5,0.142,0,-0.24284546436691,0.0248301253187476,-1.74808596470636
747,0.165,0.902,-0.251940089331758,-0.0419654703464147,-1.59703026557289
747.5,0.165,0.902,-0.243244178585396,-0.105251951783387,-1.29613846737661
748,0.165,0.902,-0.214387291389228,-0.159794069517349,-1.05606748284231
748.5,0.165,0.902,-0.171385349353393,-0.209559866239598,-0.761953242895643
749,0.165,0.902,-0.117759995154764,-0.241815162803657,-0.503556979954203
749.5,0.165,0.902,-0.0576023035154853,-0.264779678858606,-0.159327810164198
750,0.142,0,0.0111274486284271,-0.265644029438512,0.104664822432609
750.5,0.142,0,0.0850254747296139,-0.25130244196403,0.111718678481584
751,0.142,0,0.162051856021658,-0.237861564172574,0.09854465196414
751.5,0.142,0,0.236505401389825,-0.224788729015305,0.101426053887648
752,0.142,0,0.310905258342939,-0.21255828612447,0.102903926059296
752.5,0.142,0,0.383385811937335,-0.20105493554087,0.120886458425524
753,0.142,0,0.457952560672793,-0.189020913774808,0.126423815421486
753.5,0.142,0,0.536760304782146,-0.178267145423662,0.173036776509814
754,0.142,0,0.611306994106609,-0.165499279934161,0.164674473597959
754.5,0.142,0,0.688255556009715,-0.153203835030539,0.189828069959368
755,0.142,0,0.760383864509197,-0.138517193911967,0.14882912183702
755.5,0.142,0,0.839007240673804,-0.126412238878868,0.210837112151216
756,0.142,0,0.905316471445114,-0.111451725123456,0.11692966246277
756.5,0.142,0,0.992048465881806,-0.101053962399968,0.269550781412812
757,0.142,0,1.04427752044059,-0.0821548244365933,-0.0114543682937267
757.5,0.142,0,1.23048486225363,-0.0997865728815397,1.39028998268352
758,0.165,-1.003,1.39003265081582,-0.136753354457728,2.37394653325306
758.5,0.165,-1.003,1.40029502108428,-0.211963664946449,1.49019021658924
759,0.165,-1.003,1.42928144850854,-0.212256388835077,1.36997941310413
759.5,0.142,0,1.44518125255014,-0.203943360861834,1.82041055707952
760,0.142,0,1.52931400820915,-0.326152550104812,1.6698513230291
760.5,0.142,0,1.58701183587015,-0.388483275352049,1.64334421609343
761,0.142,0,1.64128082576973,-0.439465807479385,1.63166055349928
761.5,0.142,0,1.69817785292941,-0.491188085251587,1.64270942475825
762,0.142,0,1.75121469085645,-0.543308813436406,1.61446020013091
762.5,0.142,0,1.81121946658031,-0.594927239846764,1.66574611107731
763,0.142,0,1.85651604138349,-0.643798886939874,1.55723268040646
763.5,0.142,0,1.89550171379531,-0.698929222435821,1.36412167064111
764,0.142,0,1.95735388967516,-0.74945082199083,1.43691335091885
764.5,0.142,0,2.00965766020965,-0.800487847743645,1.41097379760806
765,0.142,0,2.06674339207202,-0.852061376752055,1.42230098112603
765.5,0.142,0,2.12159978446756,-0.903340342938692,1.41332358820501
766,0.142,0,2.17836538086932,-0.955450750216474,1.41569222192032
766.5,0.142,0,2.23355181658968,-1.00725745773019,1.41608667429141
767,0.142,0,2.28967097184345,-1.05761194733283,1.41329404234986
767.5,0.142,0,2.34484275410099,-1.11005050552972,1.41384196361138
768,0.142,0,2.40210189475609,-1.15966223316885,1.41238626914505
768.5,0.165,-1.003,2.44084500323828,-1.21652253174543,1.34415579829347
769,0.165,-1.003,2.42234398799226,-1.27399607255627,0.991771966936053
769.5,0.165,-1.003,2.40777236054464,-1.33892890789082,0.896189748591947
770,0.142,0,2.36786655621083,-1.39656303451268,0.733756418649623
770.5,0.142,0,2.34343445839475,-1.4629553789892,0.626861522719054
771,0.142,0,2.33417869445041,-1.54045346438233,0.664957150987597
771.5,0.142,0,2.3196246992376,-1.61341669490169,0.643142197557449
772,0.142,0,2.30810294904586,-1.68959813364564,0.657738860905987
772.5,0.142,0,2.29442818295011,-1.76387114903925,0.647404857303641
773,0.142,0,2.28203681993774,-1.83832631355244,0.650612081607466
773.5,0.142,0,2.26888073367163,-1.91278416359862,0.64526510764647
774,0.142,0,2.25603530963458,-1.98723396080747,0.645083103233272
774.5,0.142,0,2.24343349234884,-2.0624749283873,0.643876983642652
775,0.142,0,2.2311985234212,-2.13688227005928,0.644460097934473
775.5,0.142,0,2.21896402374823,-2.21102194965793,0.643992619670261
776,0.142,0,2.2063773696699,-2.28624349050723,0.64707715209639
776.5,0.142,0,2.19375713719186,-2.36077942107621,0.647195739221925
777,0.142,0,2.18111335836579,-2.43536996983147,0.642856109355765
777.5,0.142,0,2.1681979545855,-2.51076891889873,0.64210630017983
778,0.142,0,2.15531590276119,-2.58537462107907,0.644677635750281
778.5,0.142,0,2.14278868620383,-2.6602630204573,0.647313202294715
779,0.142,0,2.13067116925616,-2.73543439095415,0.649355229803209
779.5,0.142,0,2.11756597563988,-2.80942598205506,0.647335672519255
780,0.142,0,2.10595308188083,-2.88397637033683,0.649651797908625
780.5,0.165,-1.003,2.08733346260921,-2.95429212737155,0.61680888574806
781,0.165,-1.003,2.02990532411208,-2.98512570617984,0.333936559108984
781.5,0.165,-1.003,1.96002953483938,-2.99104673106315,0.0267158155645486
782,0.142,0,1.89725113760394,-2.99221900561078,-0.216294725595302
782.5,0.142,0,1.83175015459496,-3.01118768711112,-0.456210159033047
783,0.142,0,1.77251372238926,-3.04233529898843,-0.517322555626839
783.5,0.142,0,1.70974004119939,-3.08065105037531,-0.517926326060721
784,0.142,0,1.64351035834161,-3.12182063137654,-0.50473733024141
784.5,0.142,0,1.57874153160088,-3.16553165991775,-0.470351759908739
785,0.142,0,1.5132245555327,-3.20673036779429,-0.460191363860114
785.5,0.142,0,1.44907474131683,-3.2447423218322,-0.466263868745182
786,0.142,0,1.38434670081124,-3.28457691441044,-0.467408590375859
786.5,0.142,0,1.31969208219818,-3.32354158723334,-0.463385533871135
787,0.142,0,1.25545968927485,-3.36275353748024,-0.470970390173017
787.5,0.142,0,1.1903137393146,-3.40209334756898,-0.46198408448573
788,0.142,0,1.1242046200661,-3.44362435577938,-0.446634615708176
788.5,0.165,0.902,1.06053812727557,-3.52152159732555,-0.0746938159565733
789,0,0,1.0459062995876,-3.61756290343693,0.0838133134795669
789.5,0,0,1.01619227535004,-3.68855445211493,0.129326614174976
790,0,0,1.00483521645116,-3.6946226044685,0.257184840063509
790.5,0,0,1.0088082602681,-3.69333504804654,0.209588122554965
791,0,0,1.00650072322142,-3.6938363492787,0.236792793611352
791.5,0,0,1.0080372225626,-3.69357717661643,0.219714801105129
792,0,0,1.00674031137219,-3.69337881631464,0.229924173815769
792.5,0.142,0,1.00622610891,-3.69717306486072,0.219916107700771
793,0.142,0,0.974305397775821,-3.74967460269341,0.217557605173621
793.5,0.142,0,0.936023637747299,-3.81672046868773,0.212650035059148
794,0.142,0,0.896221303111711,-3.88037593049156,0.202904657520744
794.5,0.165,0.902,0.872042432136119,-3.95095102182251,0.254714649337288
795,0.165,0.902,0.906866476793269,-3.99193511489707,0.415635730932447
795.5,0.165,0.902,0.950015156592671,-4.07780218987696,0.69742716888198
796,0.165,0.902,1.01632843070445,-4.15366099395897,0.993165123884847
796.5,0.165,0.902,1.10114757648648,-4.20584627112061,1.27641930237077
797,0.165,0.902,1.1978707450961,-4.23167317950005,1.57118136907319
797.5,0.165,0.902,1.29866964708063,-4.2299807153123,1.86000192626632
798,0.142,0,1.39346129822064,-4.19658405349801,2.16213874392219
798.5,0.142,0,1.47287853483454,-4.17581656557291,2.25695767163116
799,0.142,0,1.54840876105383,-4.17213636917076,2.24152451114893
799.5,0.142,0,1.62351023843149,-4.16431319555032,2.2462050111324
800,0.142,0,1.69897946691776,-4.15801851218065,2.24303138142448
800.5,0.142,0,1.77465691324402,-4.15042734126601,2.24686900892357
801,0.142,0,1.85050841674186,-4.14398324759711,2.24275422791539
801.5,0.142,0,1.92658931070511,-4.1366552458851,2.24406268691336
802,0.142,0,2.00199969992348,-4.13016730700848,2.24026191030317
802.5,0.142,0,2.0772635515548,-4.12307767298515,2.24049574983723
803,0.142,0,2.15285645219831,-4.11674325216569,2.23660091390551
803.5,0.142,0,2.22976873984249,-4.1097076272204,2.24706002001201
804,0.142,0,2.30641143657133,-4.10280451884724,2.25589528881128
804.5,0.142,0,2.38130686693294,-4.09673078412017,2.25070271145519
805,0.142,0,2.45616741562682,-4.09052239348948,2.24395092737333
805.5,0.142,0,2.5311471812503,-4.08511443369611,2.2269979373055
806,0.142,0,2.60590029945963,-4.07782338293365,2.23196353629786
806.5,0.142,0,2.68060010547768,-4.07368153121397,2.20500403715106
807,0.142,0,2.75538702812826,-4.06280080381217,2.24581411367001
807.5,0.142,0,2.83096148339766,-4.05439620570852,2.26477137047226
808,0.142,0,2.90695219203154,-4.04793226780971,2.25950903242152
808.5,0.142,0,2.98178232414512,-4.04130953736034,2.26160659375289
809,0.142,0,3.05722927106516,-4.035012096924,2.259894218063
809.5,0.142,0,3.13233444174895,-4.02811413782803,2.26059319435049
810,0.142,0,3.20960895204381,-4.02206148803349,2.2644662090565
810.5,0,0,3.28146953203191,-4.01903932252933,2.24198201629263
811,0,0,3.27075997193014,-4.01706736532684,2.27675109463233
811.5,0,0,3.26923096480126,-4.01633980619022,2.2359550043525
812,0,0,3.26810281200068,-4.01801563472936,2.29304232532651
812.5,0.165,0.902,3.27922317024867,-4.00879483574696,2.23763884413411
813,0.165,0.902,3.34600956053045,-3.95041294245552,2.66057338728082
813.5,0.165,0.902,3.3947248201216,-3.85674516748719,2.59003085485758
814,0.165,0.902,3.4210076692182,-3.75956569708843,2.64761711504903
814.5,0.165,0.902,3.42016574859748,-3.66938404193596,-2.77923524215128
815,0.142,0,3.41425539723829,-3.57372357604117,-2.77986152595066
815.5,0.142,0,3.42874465762614,-3.50835022184028,-2.74170571511184
816,0.142,0,3.44103582405282,-3.43605631442583,-2.84367152692389
816.5,0.142,0,3.45266541381043,-3.36119395299668,-2.79542683831749
817,0.142,0,3.46258944535388,-3.2866142795729,-2.82278064976269
817.5,0.142,0,3.47426141158969,-3.21253117233416,-2.80638755218434
818,0.142,0,3.48519680417326,-3.13880868705676,-2.8194131476414
818.5,0.142,0,3.49644478176226,-3.06333433725185,-2.80796214499706
819,0.142,0,3.50804240557762,-2.98914875360073,-2.81564226784205
819.5,0.142,0,3.51573837708332,-2.90646587014561,-2.73816816758146
820,0.142,0,3.52708915170828,-2.82872517471111,-2.71833973960386
820.5,0.142,0,3.5390712968495,-2.7544730446621,-2.72577887717077
821,0.142,0,3.54959718948048,-2.67841701097953,-2.71753332023687
821.5,0.142,0,3.56110943883065,-2.60317978484252,-2.71926307456505
822,0.142,0,3.57221972861112,-2.52869955714504,-2.71900419673088
822.5,0.165,0.902,3.58077213485468,-2.45170639711555,-2.69771623237181
823,0.165,0.902,3.54455304976047,-2.36279906772123,-2.44952670308488
823.5,0.165,0.902,3.47410956441866,-2.28848746777777,-2.13283565855117
824,0.165,0.902,3.38737769221419,-2.23732000511124,-1.83972057027022
824.5,0.142,0,3.29091236094006,-2.21216880252486,-1.56144952408888
825,0.142,0,3.21811432257483,-2.18025832138991,-1.50460890150372
825.5,0.142,0,3.15382525886813,-2.14136170394182,-1.5173226642765
826,0.142,0,3.0879651599282,-2.10425338032373,-1.51786573727069
826.5,0.142,0,3.02307032830126,-2.0661051287929,-1.5217559299777
827,0.142,0,2.95753473831204,-2.02875133564113,-1.51896801129762
827.5,0.142,0,2.892073830766,-1.99098695778473,-1.51915196961995
828,0.142,0,2.82780337362122,-1.95310054775249,-1.52096841441723
828.5,0.165,-1.003,2.76446021039919,-1.91305338071142,-1.544466551075
829,0.142,0,2.75071419210086,-1.8550009814978,-1.78534663490166
829.5,0.142,0,2.72205608996664,-1.79461895176868,-1.88308635923051
830,0.142,0,2.67072196488147,-1.73649297857011,-1.86871010647566
830.5,0.142,0,2.62525484620128,-1.67747434894296,-1.87895027294323
831,0.165,-1.003,2.57690931773575,-1.61836736297456,-1.8869187964824
831.5,0.165,-1.003,2.58321444329615,-1.56087896886326,-2.12131084012217
832,0.142,0,2.6048369787309,-1.49987756680664,-2.37070971701139
832.5,0.142,0,2.59061633290241,-1.42710622679792,-2.33249610941037
833,0.142,0,2.57819861877447,-1.35041696600191,-2.40123244076371
833.5,0.142,0,2.56178010134037,-1.27913376890817,-2.29714467303491
834,0.142,0,2.55479227862723,-1.20340139891523,-2.51884664226842
834.5,0.142,0,2.54249151368982,-1.14294821592408,-2.33112471682644
835,0.142,0,2.52964932175795,-1.04397231439633,-2.70511472457255
835.5,0.165,-1.003,2.49133083307952,-1.03504002252292,-1.08435136574852
836,0.165,-1.003,2.44877287129699,-1.09479777228064,1.75416679374711
836.5,0.165,-1.003,2.46760423116473,-1.0105541553308,0.999168265734337
837,0.142,0,2.50033976649739,-0.959107205152258,1.05408936982082
837.5,0.142,0,2.54455782669905,-0.891161635408934,0.910343111562643
838,0.142,0,2.58589141389219,-0.83224589109715,1.00667809090148
838.5,0.165,-1.003,2.63065115646011,-0.771119530301033,0.889453115982771
839,0.165,-1.003,2.67541632519706,-0.724719286345836,0.614695459938481
839.5,0.165,-1.003,2.7342600373349,-0.690444714667502,0.275344385667321
840,0.165,-1.003,2.80037131060369,-0.680626238959081,0.0316202500672738
840.5,0.165,-1.003,2.86598361367655,-0.687756984168347,-0.272405713051423
841,0.165,-1.003,2.92755723381853,-0.713487644501859,-0.562130421902648
841.5,0.165,-1.003,2.97910065921332,-0.755613177668189,-0.865887653891047
842,0.165,-1.003,3.01597110233082,-0.811801223775374,-1.15710675179858
842.5,0.142,0,3.03625694479876,-0.876387310164006,-1.45861828644695
843,0.142,0,3.04082123951789,-0.951232392464502,-1.51142454424914
843.5,0.165,-1.003,3.04666685535695,-1.02619027399589,-1.54254546706879
844,0.142,0,3.03980439148274,-1.09688301880273,-1.67489882073935
844.5,0.142,0,3.02558122181999,-1.17107673946507,-1.6718554966937
845,0.142,0,3.01471050034235,-1.2462069632876,-1.65506517646591
845.5,0.165,-1.003,3.00225727628837,-1.3178246367929,-1.77162540219389
846,0.142,0,2.97829408855769,-1.37985374812136,-2.01058162133801
846.5,0.142,0,2.94020289751853,-1.44655251846504,-2.04479807002988
847,0.165,0.902,2.90718447166971,-1.50970445663343,-1.90133714562869
847.5,0.142,0,2.88690998578748,-1.57755434391123,-1.72914288653583
848,0.142,0,2.87087701561701,-1.6521346512733,-1.75057740231146
848.5,0.142,0,2.85329810893313,-1.72588858039477,-1.74685044815014
849,0.165,0.902,2.83925092381904,-1.79816410034083,-1.65921061879112
849.5,0.165,0.902,2.83823737400083,-1.86414008680389,-1.33241937894755
850,0.142,0,2.85868019199595,-1.92977120407868,-1.13199281443158
850.5,0.142,0,2.88848745870195,-1.99996698875998,-1.10691671708752
851,0.142,0,2.92342058683275,-2.06443094277413,-1.18815880945841
851.5,0.142,0,2.95723257390974,-2.13040310672538,-1.24321016587378
852,0.142,0,2.98646161615243,-2.20032971209097,-1.22944484538078
852.5,0.142,0,3.01684951807354,-2.26949255019368,-1.23630548287964
853,0.142,0,3.04543141597526,-2.34015931173317,-1.22196048058256
853.5,0.142,0,3.07563355182668,-2.40913253015855,-1.22557437560498
854,0.142,0,3.10518718265766,-2.47925406661858,-1.2207039083459
854.5,0.142,0,3.13529733047426,-2.54786437193552,-1.22629763579655
855,0.142,0,3.16346746305558,-2.61973994109673,-1.20199614590032
855.5,0.142,0,3.19206383874869,-2.69280725773291,-1.14484165126613
856,0.165,-1.003,3.21881126308734,-2.75805700975871,-1.29447026975508
856.5,0.165,-1.003,3.22971318782645,-2.82524156741399,-1.57915106941152
857,0.142,0,3.21946851607463,-2.89247743861931,-1.86650199222197
857.5,0.142,0,3.19362607672938,-2.95960728571274,-1.95265211424663
858,0.165,-1.003,3.16597416265907,-3.02986557284569,-1.98208634264612
858.5,0.165,-1.003,3.13170634665668,-3.08889775123451,-2.26616778676941
859,0.165,-1.003,3.08255347353612,-3.13387796073999,-2.56166437645152
859.5,0.165,-1.003,3.0220068226647,-3.16234281988995,-2.86207283230301
860,0.165,-1.003,2.95557484537298,-3.17138579830262,3.12910546517057
860.5,0.165,-1.003,2.88997893896351,-3.1614536187556,2.81880633546078
861,0.165,-1.003,2.83095059994293,-3.13466320636474,2.54427664465286
861.5,0.165,-1.003,2.78176791577277,-3.09045413237279,2.24278317835606
862,0.142,0,2.74488530232074,-3.02915128348603,2.06289890753917
862.5,0.142,0,2.70990274370298,-2.96153302093899,2.07216674914078
863,0.142,0,2.67478944025023,-2.89517187851054,2.07189537110801
863.5,0.142,0,2.6387796314694,-2.82827129318582,2.07624233492905
864,0.142,0,2.60360209861003,-2.76046999978967,2.0749578524013
864.5,0.142,0,2.56806497813053,-2.69278439675427,2.07284657594604
865,0.142,0,2.53336888689395,-2.62661756926282,2.06757571423319
865.5,0.142,0,2.49924206049424,-2.558965539196,2.06550624536352
866,0.142,0,2.46365200137457,-2.4923967912467,2.06298473037066
866.5,0.142,0,2.42790773085627,-2.42544068679055,2.06303921382311
867,0.142,0,2.3927435371322,-2.35834790087842,2.05927315756783
867.5,0.142,0,2.35751021005697,-2.2913221656678,2.05843841395571
868,0.142,0,2.32199198605408,-2.22359718924772,2.05363638399819
868.5,0.142,0,2.28684607472081,-2.15648376330696,2.05587054795017
869,0.142,0,2.2517284401109,-2.09087014441603,2.05788162555521
869.5,0.165,-1.003,2.21637351487414,-2.02333771594837,2.05464504637444
870,0.165,-1.003,2.18962816900428,-1.96019945616315,1.84103862904404
870.5,0.165,-1.003,2.18006520709354,-1.89411629772265,1.5227072886263
871,0.165,-1.003,2.19018735921435,-1.82815925020379,1.22817765867912
871.5,0.165,-1.003,2.218899568649,-1.76849161761667,0.916611620796214
872,0.165,-1.003,2.26413340555365,-1.71958576690767,0.636149919793329
872.5,0.165,-1.003,2.32309903330438,-1.6890698544119,0.337998759879994
873,0.165,-1.003,2.38651578492089,-1.67454065533644,0.0522544423187838
873.5,0.165,-1.003,2.45235408079965,-1.6857486397381,-0.223213243688795
874,0.165,-1.003,2.51160185032393,-1.69858110008638,-0.540036712415059
874.5,0.165,-1.003,2.56509966253396,-1.73737283285424,-0.838532756686913
875,0.165,-1.003,2.60852853992,-1.77961948346879,-1.15508522308025
875.5,0.165,-1.003,2.63241337712072,-1.86361204066976,-1.42492750207077
876,0.165,-1.003,2.63286097262851,-1.93593355243586,-1.79506428968413
876.5,0.165,0.902,2.61814124582804,-1.99379468688321,-1.74650733724328
877,0.165,0.902,2.61941222777584,-2.06117509484664,-1.46098029228909
877.5,0.165,0.902,2.63677113372536,-2.11848466905099,-1.14881288302059
878,0.165,-1.003,2.66633219462876,-2.17486442968025,-0.853700431263141
878.5,0.165,-1.003,2.71090104729316,-2.21222125021494,-1.07286309536783
879,0.165,-1.003,2.73426136526677,-2.28864036795364,-1.41809815095572
879.5,0.165,-1.003,2.73877481183511,-2.37609812043278,-1.72427650574722
880,0.165,-1.003,2.72407102234027,-2.42976728734188,-1.95852232639333
880.5,0.165,-1.003,2.68678951827823,-2.49137084351941,-2.27247412050634
881,0.142,0,2.64152065418827,-2.53004103189145,-2.55366549708168
881.5,0.165,0.902,2.57777231656677,-2.5709555749463,-2.52277387826892
882,0.165,0.902,2.52995908300114,-2.6136824937849,-2.2024960400942
882.5,0.142,0,2.49048940047939,-2.67661578427813,-2.0718825666325
883,0.142,0,2.45322509137638,-2.74201491100516,-2.08353702681578
883.5,0.142,0,2.41547128217774,-2.80743691413847,-2.07851339294528
884,0.142,0,2.37825679449288,-2.8726676279735,-2.08249840736161
884.5,0.142,0,2.34062392086065,-2.93959309429974,-2.0824155328509
885,0.142,0,2.30350905955777,-3.00378958675034,-2.0871926025431
885.5,0.142,0,2.26584221482604,-3.06886088300635,-2.08732570015618
886,0.142,0,2.22789180308411,-3.13490041291612,-2.08893183665808
886.5,0.142,0,2.19055859172466,-3.20045424109986,-2.08946965558507
887,0.142,0,2.15280038708223,-3.26515665016462,-2.09241441860545
887.5,0.142,0,2.11502242946633,-3.3303508645842,-2.09333440935195
888,0.142,0,2.07744118376922,-3.39626152054066,-2.09304428231872
888.5,0.142,0,2.03960598825891,-3.46222130423392,-2.0932495907452
889,0.142,0,2.00205388307661,-3.52786675141495,-2.0900711154966
889.5,0.142,0,1.96438146308495,-3.59390163879023,-2.09072320921562
890,0.142,0,1.92666715547023,-3.65916706968221,-2.09222634753754
890.5,0.142,0,1.88888740398395,-3.72485845688316,-2.09626031857722
891,0.165,0.902,1.8510548378051,-3.79010235766778,-2.064152117858
891.5,0.165,0.902,1.82427916537744,-3.85265956158534,-1.80031101666619
892,0.165,0.902,1.81796445094102,-3.91964736750557,-1.50348983105122
892.5,0.165,0.902,1.8315348306234,-3.98628585161841,-1.22068449506462
893,0.165,0.902,1.86154803407094,-4.04455474537823,-0.917334712355837
893.5,0.165,0.902,1.90874508004303,-4.09158136044024,-0.630267346942132
894,0.165,0.902,1.96694901075228,-4.12538727963102,-0.326417632470889
894.5,0.165,0.902,2.03229299975697,-4.13781494936554,-0.0357642838178212
895,0.165,0.902,2.09924117686529,-4.13140282952557,0.252388131383618
895.5,0.165,0.902,2.16201276395348,-4.10823014943617,0.552607993365196
896,0.165,0.902,2.21354727654575,-4.06707461411499,0.841535851418307
896.5,0.165,0.902,2.25136084602047,-4.01179383230965,1.12752990818203
897,0.165,0.902,2.27188996852326,-3.94891618972392,1.42025649670709
897.5,0.165,0.902,2.27450754206825,-3.88264967887134,1.72210288263352
898,0.165,0.902,2.25543104698447,-3.81760712425436,2.01088872555554
898.5,0.165,0.902,2.22069089891337,-3.76132110146848,2.31615823338068
899,0.142,0,2.16584300281269,-3.71357371134329,2.49982175087186
899.5,0.165,-1.003,2.10967217060533,-3.66925838352237,2.36358132343942
900,0.165,-1.003,2.06966541660835,-3.61814385557202,2.06087477826588
900.5,0.165,-1.003,2.04520465183172,-3.5565426036051,1.76719232881338
901,0.165,-1.003,2.03880700619097,-3.48799502592778,1.46328446596678
901.5,0.165,-1.003,2.05328580509499,-3.42105248378679,1.16145721713073
902,0.142,0,2.08864262037775,-3.36390279051375,0.889021514317424
902.5,0.142,0,2.13769897489674,-3.30852267728558,0.838685094673192
903,0.142,0,2.18805783429406,-3.25176908694139,0.845198087909864
903.5,0.142,0,2.23796372633088,-3.19497650176548,0.838914394356596
904,0.142,0,2.28827577930853,-3.13774528042811,0.840600263998535
904.5,0.142,0,2.33859060905348,-3.08117833157156,0.832587059447768
905,0.142,0,2.3882680687088,-3.02421848846207,0.840152558836547
905.5,0.165,0.902,2.43898714194027,-2.96719181992913,0.830566346256216
906,0.165,0.902,2.48135963429798,-2.91245555206724,1.02595395947441
906.5,0.165,0.902,2.50605035502866,-2.85359684254377,1.33796212788694
907,0.165,0.902,2.51415649480002,-2.78623929358756,1.63065358415941
907.5,0.165,0.902,2.50307938485089,-2.72144318927654,1.9264969492275
908,0.165,0.902,2.47308070597754,-2.66342301063481,2.24422428394016
908.5,0.165,-1.003,2.42537822254336,-2.6123052015858,2.29706184852364
909,0.165,-1.003,2.38867089727004,-2.55594131809093,1.97908888436782
909.5,0.142,0,2.36837687596439,-2.48735939095603,1.83210460139766
910,0.142,0,2.34876473477536,-2.4145986585313,1.8464179639435
910.5,0.142,0,2.32899597314023,-2.34107289171201,1.83568397558558
911,0.142,0,2.31019130494671,-2.26848125810402,1.84319828494386
911.5,0.142,0,2.28994017086832,-2.19576726139127,1.82421580556784
912,0.165,0.902,2.27109520614473,-2.12363808654502,1.89050737251518
912.5,0.165,0.902,2.24319095918373,-2.06312113265577,2.17043387423534
913,0.165,0.902,2.19894780013299,-2.01370235802697,2.47597461100874
913.5,0.142,0,2.13858792799504,-1.97709862536776,2.67060213734945
914,0.142,0,2.0705416284635,-1.94331190034702,2.66153594291239
914.5,0.142,0,2.00373726245848,-1.90867909598832,2.66661193842501
915,0.142,0,1.93630756076402,-1.87467780540147,2.66213413266717
915.5,0.142,0,1.86922512597356,-1.84002022069311,2.66283503121254
916,0.142,0,1.80154047150881,-1.80639765137272,2.65358087527562
916.5,0.142,0,1.73530769465038,-1.77129908856875,2.65766120643518
917,0.142,0,1.66930926725125,-1.73528333176486,2.65882223057379
917.5,0.142,0,1.6019313480627,-1.7002383019348,2.65890960780366
918,0.142,0,1.53503943567117,-1.66547233566642,2.65946509633459
918.5,0.142,0,1.46798580134366,-1.63036312041895,2.65874980705491
919,0.142,0,1.40055396039439,-1.59628473910049,2.66022694916107
919.5,0.142,0,1.33214924693859,-1.56270271521511,2.65252374669283
920,0.142,0,1.26507489442538,-1.52732137266507,2.65401742007504
920.5,0.142,0,1.19797029621663,-1.4927920118924,2.65277006241623
921,0.142,0,1.13109880372358,-1.45720941088778,2.65321205951332
921.5,0.142,0,1.0644110674528,-1.42181231948197,2.65745990553897
922,0.142,0,0.99837306731,-1.38699101721819,2.6570403299703
922.5,0.142,0,0.931524289673903,-1.35162129606577,2.65633798676834
