t,v,w,x,y,theta
923,0.142,0,0.864362881656994,-1.31619627092425,2.65341956072752
923.5,0.142,0,0.797908582258424,-1.28075628172163,2.65119520653489
924,0.142,0,0.730897489496898,-1.2452207006153,2.64907909451868
924.5,0.142,0,0.664205233698133,-1.20995611937507,2.65166381450013
925,0.142,0,0.597360996808868,-1.17429612219129,2.64966949580275
925.5,0.142,0,0.530768127819466,-1.13833743171852,2.65255943465252
926,0.142,0,0.46370297333585,-1.10286368628746,2.64787545849491
926.5,0.142,0,0.396288941402098,-1.06663317670463,2.65353419591014
927,0.142,0,0.329956957264378,-1.03141264708935,2.64579552301027
927.5,0.142,0,0.262628549355847,-0.995015086744621,2.6633973883608
928,0.165,-1.003,0.199389769002237,-0.960387148234001,2.51722658684004
928.5,0.165,-1.003,0.14942372802439,-0.914862323020278,2.21218796977757
929,0.165,-1.003,0.116011433812297,-0.860155649659216,1.91915109815308
929.5,0.165,-1.003,0.102416283914123,-0.794294800973962,1.6264514094106
930,0.165,-1.003,0.105039006072694,-0.728785631162044,1.31383589345409
930.5,0.142,0,0.131399560513798,-0.660163907242974,1.15066301204963
931,0,0,0.154199950412398,-0.608818789619744,1.16015482250127
931.5,0,0,0.154578431919287,-0.608813710118953,1.15139099787874
932,0,0,0.155039954850169,-0.607882262394798,1.15711815447559
932.5,0,0,0.154710788294375,-0.608609350147498,1.15351290497516
933,0,0,0.154985638161784,-0.608122354208299,1.15566766236081
933.5,0,0,0.154805783160704,-0.608525451220882,1.15430935306224
934,0,0,0.154976551172712,-0.608316517557182,1.15547969167227
934.5,0,0,0.154881195564868,-0.608572358153621,1.1543290636789
935,0,0,0.15494362153179,-0.608428351910569,1.15591114669185
935.5,0,0,0.154857633788919,-0.608759562293984,1.15353602377927
936,0,0,0.154982485611941,-0.60840728591436,1.15730513723403
936.5,0,0,0.154803165177043,-0.609050278820679,1.15145868199721
937,0,0,0.155093142338024,-0.608098779185797,1.16001721984987
937.5,0.165,0.902,0.154990844582196,-0.609248777879215,1.15313315709939
938,0.142,0,0.16646380913885,-0.571454088082001,1.36854096587711
938.5,0.142,0,0.178553504491009,-0.496131348227851,1.43457758820227
939,0.165,0.902,0.187738485946251,-0.425138558830953,1.52917409072933
939.5,0.165,0.902,0.18284833612672,-0.357758467071397,1.85315541919497
940,0.142,0,0.154560580865114,-0.293217495560179,2.1078466273135
940.5,0.142,0,0.115279940357135,-0.23003824677867,2.15106891392751
941,0.142,0,0.0757524497837164,-0.165912179981085,2.14092258163466
941.5,0.142,0,0.0355226471188688,-0.103398579940583,2.13876448429636
942,0.142,0,-0.00319495815160135,-0.0399155915477252,2.15557810553911
942.5,0.142,0,-0.0427787405922633,0.0254124450528373,2.16380856357324
943,0.142,0,-0.0831670609893379,0.0866546042709954,2.148375569649
943.5,0.142,0,-0.124676561711501,0.15183780406193,2.12688964712817
944,0.165,0.902,-0.163450499099365,0.211126700011573,2.29448393441661
944.5,0.142,0,-0.212882667801485,0.258260248626235,2.51234081253936
945,0.142,0,-0.274442522251473,0.30444628274393,2.49421824590685
945.5,0.142,0,-0.333730910850641,0.350328829387386,2.49633844207846
946,0.142,0,-0.3955426995933,0.397070147872216,2.48607090203415
946.5,0.142,0,-0.456984500179841,0.444203571951804,2.48422080551857
947,0.142,0,-0.515248519009594,0.49335578524659,2.50895131879611
947.5,0.165,-1.003,-0.571625918599068,0.538990148535428,2.44189870230738
948,0.165,-1.003,-0.613854471473673,0.588419268997466,2.1457507350895
948.5,0.165,-1.003,-0.637868103550181,0.643853308000642,1.83633708805317
949,0.165,-1.003,-0.64838067724398,0.707601522913003,1.50998108203053
949.5,0.165,-1.003,-0.637772859200136,0.778907705380946,1.18950741560338
950,0.165,-1.003,-0.598651907045637,0.829858565874379,0.958279583214239
950.5,0.165,-1.003,-0.534380265746434,0.867989115433893,0.955799950535869
951,0.142,0,-0.471850910743252,0.906470795008754,0.947181860805184
951.5,0.142,0,-0.408216981485513,0.944769822491386,0.945705501657194
952,0.142,0,-0.34528503525592,0.983192548360593,0.939481727399301
952.5,0.142,0,-0.281888181513232,1.02150982621572,0.936223985643284
953,0.142,0,-0.218783374873507,1.05990650507365,0.930959830867831
953.5,0.142,0,-0.155490751965681,1.09823382024292,0.927448113224276
954,0.142,0,-0.09231764222624,1.13660510721854,0.922009246934074
954.5,0.142,0,-0.0290603799377201,1.17495240164668,0.919249720033509
955,0.142,0,0.0341339846166933,1.21332155354524,0.912587167611907
955.5,0.142,0,0.0973662858605703,1.25166473747473,0.911957144317576
956,0.142,0,0.160534068844034,1.29007828002274,0.901790718960189
956.5,0.165,0.902,0.223832415645262,1.32836229099438,0.90668989470112
957,0.165,0.902,0.286369373343479,1.36691321597835,0.887264446782332
957.5,0.165,0.902,0.331274137738894,1.41309664018207,1.05520002871366
958,0.165,0.902,0.358272450297097,1.47293790387658,1.39171584146709
958.5,0.165,0.902,0.361699629464909,1.54022006146499,1.6729870938072
959,0.165,0.902,0.351706393429593,1.60643912095662,1.99875914762071
959.5,0.165,0.902,0.313508695694638,1.66028069662333,2.25333654615558
960,0.142,0,0.258765356160032,1.70728596998362,2.30187430021561
960.5,0.142,0,0.205290041760466,1.7608183995262,2.2873048135352
961,0.142,0,0.150875474570137,1.8131691404044,2.29429391734199
961.5,0.142,0,0.0969273179000933,1.86639900309462,2.29354709310602
962,0.142,0,0.0422240057753212,1.91886429563574,2.29287271098415
962.5,0.142,0,-0.012338298971472,1.97259819253444,2.29130676740213
963,0.142,0,-0.0661877795229199,2.02479748422601,2.293999317252
963.5,0.142,0,-0.119857350147705,2.07735479142673,2.29313063087844
964,0.142,0,-0.174498904517706,2.13094247164962,2.29445837355712
964.5,0.142,0,-0.227776015297567,2.18222789390686,2.29867194819505
965,0.142,0,-0.283211067907737,2.23742465572785,2.31501136698442
965.5,0.142,0,-0.334333554646237,2.30010219204524,2.4256928042524
966,0.165,-1.003,-0.388778995976549,2.35327567596528,2.40054055379153
966.5,0.165,-1.003,-0.42945909667133,2.40349262571861,2.1116032413122
967,0.165,-1.003,-0.452147668024212,2.46439257268129,1.81917671426868
967.5,0.165,-1.003,-0.463179947741094,2.52655814893971,1.44833727240914
968,0.165,-1.003,-0.454919495975655,2.57342569538633,1.14273891388063
968.5,0.165,-1.003,-0.421573075857906,2.63485237748511,0.847796703673584
969,0.142,0,-0.369920307020492,2.68120962957019,0.702556428121664
969.5,0.142,0,-0.311146142302679,2.72198535773789,0.764679555133352
970,0.142,0,-0.252525338441499,2.76484271300286,0.802683348478507
970.5,0.142,0,-0.193767548657341,2.80658003189478,0.856884234837327
971,0.142,0,-0.135104505849335,2.84902324473226,0.900752820140958
971.5,0.142,0,-0.0763724691565113,2.89100596832923,0.951286776765521
972,0.142,0,-0.0176506242148143,2.93325587810422,0.9978065514088
972.5,0.142,0,0.0410080149782895,2.97538200787568,1.04672321355043
973,0.142,0,0.0998192036058657,3.01748606362083,1.09434370807472
973.5,0.142,0,0.158325150131026,3.05977649354768,1.14258519724806
974,0.142,0,0.217318388706145,3.1016905095658,1.19051488629316
974.5,0.142,0,0.275528166258726,3.14423133772666,1.23853787480651
975,0.165,0.902,0.334950587363065,3.18579034984327,1.28628871301609
975.5,0.165,0.902,0.392408831454393,3.22893745946103,1.33447718811209
976,0.165,0.902,0.453545333615047,3.26916886191193,1.38229900611312
976.5,0.142,0,0.496801312025561,3.32248061893306,1.43700750283707
977,0.142,0,0.501675925618304,3.39885156365854,1.45408031043135
977.5,0.142,0,0.505910536585619,3.47401871787079,1.4459933472983
978,0.142,0,0.509118201775025,3.54943024463284,1.43944358915097
978.5,0.142,0,0.513798809854901,3.62320534940436,1.43740875099489
979,0.142,0,0.516944899051793,3.69899411877897,1.43250020447599
979.5,0.142,0,0.519634640293651,3.77444911096033,1.41206479068657
980,0.142,0,0.524948247213215,3.84967866258943,1.43916763449923
980.5,0.165,-1.003,0.530135938619522,3.92247257743534,1.38494253068611
981,0.165,-1.003,0.544106862466938,3.99183602226081,1.08706505387849
981.5,0.165,-1.003,0.578042012263179,4.0533055799715,0.767750726519889
982,0.165,-1.003,0.629120873940043,4.09371194323473,0.537109270468864
982.5,0.165,-1.003,0.69336972656123,4.11756518501117,0.27839415443588
983,0.142,0,0.764255421726121,4.13016371095794,0.157002646147568
983.5,0.142,0,0.83995773308113,4.14131232183307,0.180384840492181
984,0.142,0,0.914638792857893,4.15264112609148,0.168988023527309
984.5,0.142,0,0.989348661782065,4.16474789766715,0.16979795392815
985,0.142,0,1.06471243425206,4.17576113024758,0.166671445715396
985.5,0.142,0,1.13993246907763,4.18692618195756,0.169341566758654
986,0.142,0,1.2151511820797,4.19870515456459,0.16808365026321
986.5,0.142,0,1.28981529620685,4.20966933620048,0.172158079446483
987,0.142,0,1.36456187025868,4.22122529433915,0.17087570804936
987.5,0.142,0,1.4389311274465,4.23140909195271,0.178334324555198
988,0.142,0,1.51230094241274,4.24476203485876,0.14489414194135
988.5,0.142,0,1.58537837973465,4.25761128799827,0.129716646885715
989,0.165,-1.003,1.66268292706686,4.26919986130326,0.115378906593692
989.5,0.165,-1.003,1.72910699677787,4.26827633854426,-0.0415537799792922
990,0.142,0,1.79619784339743,4.24568225523124,-0.0594952605921382
990.5,0.165,0.902,1.85274192881536,4.22348698167609,-0.0398095516843213
991,0.165,0.902,1.93886372528208,4.1950180275297,0.0526454780871344
991.5,0.142,0,2.16115298360943,4.15608570746642,-0.202377207830853
992,0.142,0,2.21012212677946,4.110062460142,2.08762870429754
992.5,0.165,-1.003,2.2844184235371,4.08733986155738,1.92266117274694
993,0.165,-1.003,2.31400773342124,4.03988373779,1.73293379813919
993.5,0.165,-1.003,2.33543099352692,3.9815503366538,1.50076942556813
994,0.165,-1.003,2.32319440848051,3.92044620771855,1.15357693582888
994.5,0.165,-1.003,2.31254700358667,3.85426920388828,1.00588348735847
995,0.165,-1.003,2.27581070136707,3.79276575221912,0.789562277942256
995.5,0.165,-1.003,2.20926567497524,3.7615130405856,0.370167449348994
996,0.142,0,2.14420701112584,3.76333112198198,-0.0917769939043875
996.5,0.142,0,2.09172540993376,3.71992783835145,-0.15858153786799
997,0.165,0.902,2.04717474243036,3.65466151990487,-0.0910080101841366
997.5,0.165,0.902,2.02963229686942,3.57008790637322,0.0785592370017625
998,0.165,0.902,2.05521194441081,3.4731720750748,0.438409390484171
998.5,0.142,0,2.13209062908717,3.36114586881154,1.1461793420115
999,0.142,0,2.1368648852206,3.29050751400538,0.991081335581374
999.5,0.142,0,2.15707608390717,3.2141610904377,1.07018449081919
1000,0.142,0,2.16916036766643,3.14150744662391,1.03756925814671
1000.5,0.142,0,2.18477602548979,3.06654415058729,1.05110364970429
1001,0.142,0,2.19785944027546,2.9912349214134,1.03414382761881
1001.5,0.142,0,2.21370851810813,2.91676052411097,1.04550956070871
1002,0.165,0.902,2.22922565760211,2.84056312975377,1.04805318240139
1002.5,0.165,0.902,2.295809362585,2.77686703501479,1.3045753824208
1003,0.142,0,2.37259277885019,2.72825947982254,1.50789422991262
1003.5,0.142,0,2.42283480443899,2.67355684275116,1.53256820276575
1004,0.142,0,2.44562925691685,2.61900448414488,1.26005678922245
1004.5,0.142,0,2.49181546314781,2.55858328695428,1.24681005626622
1005,0.142,0,2.54258997466788,2.50064371727662,1.27270182584817
1005.5,0.142,0,2.58968032970041,2.44073081069461,1.25955492239846
1006,0.142,0,2.63874839848964,2.38231101298982,1.26995156337152
1006.5,0.142,0,2.68651895679934,2.32344359795764,1.26463593810985
1007,0.142,0,2.73453635003403,2.26561134230019,1.26807875876199
1007.5,0.142,0,2.78246653977264,2.20740760421483,1.26596784575016
1008,0.142,0,2.82927342676044,2.1491746090961,1.2644795141204
1008.5,0.142,0,2.87642369699426,2.09085654341757,1.25953526936754
1009,0.142,0,2.9242526881739,2.03191007121449,1.25787052111118
1009.5,0.142,0,2.97244203484628,1.97283458878979,1.25980957029643
1010,0.142,0,3.02095824749565,1.91395318460059,1.26151708123097
1010.5,0.142,0,3.06842677743154,1.85490561059652,1.26029817884453
1011,0.142,0,3.1158644919853,1.79642594499161,1.2611335081471
1011.5,0.142,0,3.16398141714548,1.73842251446025,1.26292150396116
1012,0.142,0,3.21070493448533,1.67983858719073,1.24964750528541
1012.5,0.142,0,3.25813101400005,1.62150747439012,1.24830511938519
1013,0.142,0,3.30584932410027,1.56246710491381,1.24865928101179
1013.5,0.142,0,3.35310499240268,1.50332670296733,1.2494116287296
1014,0.142,0,3.40153180604476,1.44429839903539,1.25645886112804
1014.5,0.142,0,3.44936319687728,1.38491500987335,1.25847531579594
1015,0.142,0,3.49712898542424,1.32631049574664,1.26090673609822
1015.5,0.142,0,3.54481441710088,1.26776999825526,1.26265340453923
1016,0.142,0,3.59133922234005,1.208447408561,1.25216343697371
1016.5,0.142,0,3.6378863651837,1.149370299851,1.24510283760328
1017,0.142,0,3.68548668034632,1.09026039896027,1.23857193146373
1017.5,0.142,0,3.73176923387458,1.03178021470482,1.23928327683742
1018,0.165,-1.003,3.7803895272462,0.973524563980171,1.24916062117948
1018.5,0.165,-1.003,3.78529914227558,0.912447744430514,1.03947205183546
1019,0.165,-1.003,3.75396278651053,0.855844861634437,0.737145840669481
1019.5,0.165,-1.003,3.71113629982148,0.814961257983803,0.455882829002807
1020,0.142,0,3.66390341816286,0.769346316519141,0.247027826084475
1020.5,0.142,0,3.67238301474268,0.678692630916507,0.444235443315588
1021,0.142,0,3.68546098259349,0.595064507951865,0.566576445515668
1021.5,0.142,0,3.6797429144442,0.519971536402922,0.547187059717988
1022,0.142,0,3.67771358523685,0.445372571587258,0.546456138629633
1022.5,0.142,0,3.67416975031862,0.372627278982724,0.534592164190855
1023,0.142,0,3.67191528076417,0.298175195178144,0.532941731423204
1023.5,0.142,0,3.66858017295545,0.221968375582817,0.535814745459081
1024,0.142,0,3.66539152217842,0.146577634867012,0.536724433297447
1024.5,0.142,0,3.66269266474848,0.0696492874373813,0.548145651894039
1025,0.165,-1.003,3.65342982803553,-0.000875325250956031,0.504378723167772
1025.5,0.165,-1.003,3.60424119503061,-0.0381467649659188,0.237381007837254
1026,0.165,-1.003,3.54470907421203,-0.0586826404561071,-0.0189915737712916
1026.5,0.165,-1.003,3.48053948704629,-0.0502713464531253,-0.367008237614698
1027,0.142,0,3.42171234964632,-0.0293624116100336,-0.670957504461922
1027.5,0.165,0.902,3.35357540858953,-0.0364149988328079,-0.737369041264577
1028,0.142,0,3.28626471132738,-0.0993822744999996,-0.517901443771414
1028.5,0.142,0,3.22190932432647,-0.143963205472748,-0.471820692631708
1029,0.142,0,3.15600131602434,-0.180027997098638,-0.480892490976071
1029.5,0.142,0,3.0909279680666,-0.218459962721678,-0.477602735081005
1030,0.142,0,3.02409816819807,-0.256593126866164,-0.474514881050283
1030.5,0.142,0,2.95801510373294,-0.294864488547031,-0.472757459492113
1031,0.142,0,2.89138798094059,-0.332848112526183,-0.47209249978139
1031.5,0.142,0,2.82514161093369,-0.371438498186111,-0.467026236871044
1032,0.142,0,2.75887965856911,-0.408449260694171,-0.470946211473279
1032.5,0.142,0,2.69257053698271,-0.447535969539588,-0.464608644617458
1033,0.142,0,2.62798455741069,-0.482818134162176,-0.47579866978729
1033.5,0.142,0,2.56168968463843,-0.523372543200351,-0.461695904863207
1034,0.142,0,2.49813808475957,-0.544971264854174,-0.540994348838456
1034.5,0.142,0,2.43175046558811,-0.558119442986898,-0.627429367857546
1035,0.142,0,2.36156855927122,-0.586813989522223,-0.624425260967755
1035.5,0.165,-1.003,2.29131480992306,-0.611741213524471,-0.649990415343987
1036,0.142,0,2.23418432312201,-0.594152585870293,-0.861623489959461
1036.5,0.142,0,2.16573260490916,-0.589364120545009,-0.929197000405608
1037,0.142,0,2.08882051766761,-0.599283512867838,-0.91271321782741
1037.5,0.142,0,2.01439994064242,-0.603880215465637,-0.921523731546007
1038,0.142,0,1.93830448342111,-0.611685647767816,-0.913071157461259
1038.5,0.142,0,1.86279226976032,-0.618516464854172,-0.912541511166882
1039,0.142,0,1.78651363859971,-0.626282478045576,-0.906109953162181
1039.5,0.142,0,1.71106306130164,-0.632997918809629,-0.90738780212423
1040,0.142,0,1.63620062312431,-0.640537228430792,-0.905233463016362
1040.5,0.142,0,1.56163728016945,-0.647192791539165,-0.907712968774122
1041,0.142,0,1.48507092412997,-0.655569149844382,-0.893132546691206
1041.5,0.142,0,1.4102197304815,-0.660498157862771,-0.905395223719408
1042,0.142,0,1.33234132348287,-0.669626148995317,-0.875750817376657
1042.5,0.165,0.902,1.25982221637652,-0.673895220658974,-0.918578219878725
1043,0.165,0.902,1.17766450495386,-0.716945330968703,-0.668552913830215
1043.5,0.165,0.902,1.1287527753365,-0.788266601991273,-0.521161026204558
1044,0.142,0,1.07746672806713,-0.873722635634213,-0.218363030125229
1044.5,0.142,0,1.04384944907449,-0.946037173488409,-0.224282668840655
1045,0.142,0,0.960484145856555,-0.993374834120282,-0.0444565142580196
1045.5,0.142,0,0.993374992853313,-0.982515763845399,-1.61359020703541
1046,0.142,0,1.06789402088093,-1.05346214986819,-2.45357943317463
1046.5,0.142,0,0.987697294043572,-1.10998848445138,-2.20931532994048
1047,0.142,0,0.954790070167191,-1.16797174165685,-2.3363979785359
1047.5,0.142,0,0.894552574600361,-1.22564085634384,-2.25353540166382
1048,0.142,0,0.852195829877903,-1.28352882881327,-2.30559682547639
1048.5,0.142,0,0.79863442055768,-1.34116427608298,-2.2726931170212
1049,0.165,-1.003,0.752174362161228,-1.39853736347323,-2.31649666427646
1049.5,0.165,-1.003,0.700973336684641,-1.44377619231678,-2.54740177218647
1050,0.165,-1.003,0.641632851068117,-1.47079449502204,-2.84374140395313
1050.5,0.165,-1.003,0.576799601263132,-1.48289248850475,3.1355241270776
1051,0.165,-1.003,0.510621100252632,-1.47451105493624,2.83505164328457
1051.5,0.165,-1.003,0.449610351490058,-1.44861369139065,2.53164330483457
1052,0.165,-1.003,0.400377732938684,-1.40279200506512,2.23401407439254
1052.5,0.165,-1.003,0.3679687365669,-1.34783253144166,1.95690507592469
1053,0.165,-1.003,0.3512252595226,-1.28410473956681,1.65461714397789
1053.5,0.165,-1.003,0.351343406243723,-1.21255897530597,1.34516256086968
1054,0.165,-1.003,0.373138954563305,-1.15278735727107,1.05914823994455
1054.5,0.165,-1.003,0.412483972269667,-1.09651846045836,0.759129275051002
1055,0.165,-1.003,0.466796812701261,-1.05690689841298,0.472340765097254
1055.5,0.142,0,0.53300795163151,-1.0369295424524,0.209167565594996
1056,0.142,0,0.604942630799256,-1.0279077088392,0.100306423021433
1056.5,0.142,0,0.679681219890552,-1.01928253089998,0.100567797802618
1057,0.142,0,0.756256622036613,-1.01189989483686,0.0940782193366552
1057.5,0.142,0,0.831303039638358,-1.00456547519122,0.0993892003319665
1058,0.142,0,0.906769234443054,-0.997394414720141,0.0979708729329083
1058.5,0.142,0,0.982276490573937,-0.990378042260104,0.0969313517081947
1059,0.142,0,1.05790702629954,-0.982750992180587,0.096859808304119
1059.5,0.142,0,1.13366588683215,-0.975892596890443,0.0985894135085683
1060,0.142,0,1.20928784221316,-0.968890230653658,0.0997493438510997
1060.5,0.142,0,1.28408609421546,-0.961835775275439,0.102449626841864
1061,0.142,0,1.35903407542943,-0.954579791415941,0.100612741238987
1061.5,0.142,0,1.43478926329643,-0.947196856307747,0.0999669677797961
1062,0.142,0,1.5098359295047,-0.940151405844417,0.103327767032052
1062.5,0.142,0,1.58609565844235,-0.932997514126641,0.102691984321474
1063,0.142,0,1.66153475173303,-0.925034357470649,0.099024206942838
1063.5,0.142,0,1.73667702931547,-0.9164169826886,0.0966055354319586
1064,0.142,0,1.81225413790513,-0.908466921420247,0.094921780955481
1064.5,0.142,0,1.88697429727968,-0.901363743757806,0.103146256541264
1065,0.165,-1.003,1.96264582515177,-0.893371563450709,0.0703509040573476
1065.5,0.165,-1.003,2.02701513855228,-0.894991131451323,-0.186944553541032
1066,0.165,-1.003,2.08685203729436,-0.916933515287737,-0.458100441067053
1066.5,0.165,-1.003,2.14424848151707,-0.953972395193428,-0.788055548543856
1067,0.142,0,2.19112786324036,-1.00894042948138,-0.889482935412698
1067.5,0.142,0,2.23948819513486,-1.06856133902077,-0.894268131658459
1068,0.165,0.902,2.28479296805987,-1.1236251142071,-0.753305472486186
1068.5,0.142,0,2.33542760353556,-1.16362139823284,-0.458722726794306
1069,0.142,0,2.40539245287998,-1.19713705626387,-0.456497646287641
1069.5,0.142,0,2.47292610371808,-1.23127140026736,-0.454222493190052
1070,0.142,0,2.54094157736394,-1.26516970621897,-0.458380977346025
1070.5,0.142,0,2.608193217391,-1.29963964937666,-0.456714493278916
1071,0.142,0,2.6757399613639,-1.33370773688396,-0.458432171305162
1071.5,0.142,0,2.74317044656497,-1.36804253999851,-0.458377542743852
1072,0.142,0,2.81120081536165,-1.40205029458697,-0.456353451242428
1072.5,0.165,-1.003,2.87723663262099,-1.43606816677102,-0.494945034432146
1073,0.165,-1.003,2.9322078138076,-1.47432536630937,-0.795559122601805
1073.5,0.142,0,2.97700905112913,-1.52946908801848,-0.980878614042055
1074,0.142,0,3.01913680029218,-1.59265410870051,-0.968882878128937
1074.5,0.142,0,3.06181754996284,-1.65498855067758,-0.974079105516822
1075,0.142,0,3.10437438685806,-1.71779537454222,-0.969442538869103
1075.5,0.142,0,3.14656258387176,-1.78053880226623,-0.968503903677306
1076,0.142,0,3.18902187840676,-1.84313688832703,-0.966864103675967
1076.5,0.142,0,3.23191524503418,-1.90577557647078,-0.973592600865947
1077,0.142,0,3.27460764707576,-1.96914840548317,-0.969424110961377
1077.5,0.142,0,3.31743064568489,-2.03201936236431,-0.970003489298421
1078,0.142,0,3.35988912267305,-2.09476745373414,-0.970562309290164
1078.5,0.142,0,3.4024088524666,-2.15725765187892,-0.969355318715596
1079,0.142,0,3.44573320807429,-2.22035338447408,-0.96971823357031
1079.5,0.142,0,3.48846291828062,-2.28305969498831,-0.970861725415384
1080,0.142,0,3.53060643960656,-2.3448976738739,-0.97075838083488
1080.5,0.142,0,3.57326490607015,-2.40787133710516,-0.96891520088084
1081,0.142,0,3.61648563586797,-2.47077158401286,-0.970931768417177
1081.5,0.142,0,3.65995894587896,-2.53406198901809,-0.975379468406029
1082,0.142,0,3.70307428025483,-2.5969110559062,-0.977663579156578
1082.5,0.142,0,3.74558400652873,-2.65946798490894,-0.97285905761612
1083,0.142,0,3.78866696349187,-2.72210612308809,-0.97118334912963
1083.5,0.142,0,3.83056951322435,-2.78385999460966,-0.966390569657122
1084,0.165,-1.003,3.87261019990943,-2.84454604992723,-0.991503524847568
1084.5,0.142,0,3.90510201529176,-2.90549127341092,-1.1609809021985
1085,0.142,0,3.932618030421,-2.97578778026403,-1.17308586721454
1085.5,0.142,0,3.96146040100316,-3.04624203733333,-1.18185868615765
1086,0.142,0,3.99016320191392,-3.11596325982832,-1.17180001800484
1086.5,0.165,-1.003,4.01476057781337,-3.18196345805425,-1.3382432090409
1087,0.142,0,4.02120819495104,-3.24903021733831,-1.64266412250595
1087.5,0.142,0,4.01254273140812,-3.32756359253896,-1.68441506186619
1088,0,0,4.00938309160046,-3.38530100594381,-1.70655853766096
1088.5,0,0,4.00765240949439,-3.38537287733219,-1.69969184712357
1089,0,0,4.00619844296207,-3.38486761853028,-1.69066551559844
1089.5,0,0,4.00675319581791,-3.38503710271532,-1.69407085067507
1090,0,0,4.00636728788955,-3.38535955979721,-1.69137010847254
1090.5,0,0,4.00668827210267,-3.3848402768466,-1.6931241219435
1091,0,0,4.00658151731384,-3.38511127426591,-1.69290285912796
1091.5,0,0,4.0068161781831,-3.38476262015088,-1.69231878263991
1092,0,0,4.00653781494537,-3.38523690499666,-1.69382324887112
1092.5,0,0,4.00692825646511,-3.38417266598962,-1.69015081365458
1093,0,0,4.00603237728278,-3.38550544375894,-1.69130104913891
1093.5,0.165,-1.003,4.00734361033129,-3.38336094888472,-1.68653134829261
1094,0.165,-1.003,3.9995240848492,-3.41713163393136,-1.87461407020092
1094.5,0.165,-1.003,3.97188622114239,-3.48119673531499,-2.17494208484062
1095,0.165,-1.003,3.9208396275106,-3.52768022738946,-2.42821052330216
1095.5,0.165,-1.003,3.87329903893506,-3.56703896176518,-2.7680851699523
1096,0.165,-1.003,3.78515129689841,-3.5730670109808,-3.05157809203473
1096.5,0.165,-1.003,3.7298135258633,-3.57302425064552,2.92090507338198
1097,0.165,-1.003,3.67649086228924,-3.55468898864835,2.60528752183846
1097.5,0.165,-1.003,3.61849638103152,-3.51468642636693,2.33735468176056
1098,0.165,-1.003,3.5803655746931,-3.46537246325336,2.03711113542283
1098.5,0.142,0,3.55602835506942,-3.39691827153768,1.83330871565935
1099,0.142,0,3.53729671033354,-3.3237605820696,1.84563427920694
1099.5,0.142,0,3.51639957039865,-3.25096640133422,1.8405707590143
1100,0.142,0,3.49628168415212,-3.17737408886071,1.85236088947299
1100.5,0.165,-1.003,3.47902219008607,-3.1080135689682,1.71408091384952
1101,0.142,0,3.47770716271168,-3.04232284829214,1.39729808372369
1101.5,0.142,0,3.49344679621622,-2.96976202814489,1.32734903269418
1102,0.142,0,3.51120104212601,-2.89602419921999,1.33724846229705
1102.5,0.142,0,3.52849073135269,-2.82162109434127,1.33418281257878
1103,0.142,0,3.54568785458899,-2.7481391834147,1.33823053745497
1103.5,0.142,0,3.56306330157139,-2.67418002761651,1.33730566251137
1104,0.142,0,3.58071082210399,-2.60036710942731,1.33981376243906
1104.5,0.142,0,3.59789207135989,-2.52667122902053,1.33915037074253
1105,0.142,0,3.6147430807987,-2.45284095374606,1.33726710283839
1105.5,0.142,0,3.63198554052999,-2.37958683169282,1.33692383931046
1106,0.142,0,3.64892334953421,-2.30610854110609,1.33792091303794
1106.5,0.142,0,3.66623251830987,-2.23217526776333,1.3345431021357
1107,0.142,0,3.68440583787771,-2.15774830272604,1.33904448969982
1107.5,0.142,0,3.70179298041435,-2.08277215361207,1.32724282636469
1108,0.142,0,3.71942891923477,-2.00967922967035,1.33340498670163
1108.5,0.142,0,3.73689976441591,-1.93506564621267,1.31586368452371
1109,0.165,0.902,3.7525994464648,-1.86818560155337,1.52762275019588
1109.5,0.142,0,3.75007514857257,-1.79988391133145,1.85953576742098
1110,0.142,0,3.73144063859128,-1.72841959417469,1.90468645138471
1110.5,0.142,0,3.71137033890071,-1.65458760786741,1.89706998187004
1111,0.142,0,3.69175846162053,-1.58031921069904,1.89130439999593
1111.5,0.142,0,3.67227237323553,-1.50640422236142,1.88578562229279
1112,0.142,0,3.65300986281345,-1.43378433748079,1.88555762857956
1112.5,0.142,0,3.6341164023222,-1.36133198465972,1.88080647069264
1113,0.142,0,3.61450447612863,-1.28876418964521,1.88733880457112
1113.5,0.165,0.902,3.59523189398488,-1.21634529565782,1.87603417247395
1114,0.165,0.902,3.57024988788604,-1.15381250861388,2.06187682385452
1114.5,0.165,0.902,3.53212071571257,-1.1004033891457,2.36051262585816
1115,0.142,0,3.47894362186915,-1.05836023476601,2.64734607619
1115.5,0.142,0,3.41082898218335,-1.02871610092787,2.7478335271655
1116,0.142,0,3.3402780948157,-0.999808506036129,2.73031610039217
1116.5,0.142,0,3.27018287233544,-0.970420286587241,2.72694790856928
1117,0.165,0.902,3.20245327912553,-0.942516471678991,2.80853721718341
1117.5,0.165,0.902,3.13935563608385,-0.929050527489692,3.12345208937402
1118,0.142,0,3.06751158490131,-0.932339056039453,-3.05692074696521
1118.5,0.142,0,2.99148701917606,-0.940287579949766,-3.06623841812867
1119,0.142,0,2.91667917902927,-0.94636878708992,-3.06618744792299
1119.5,0.142,0,2.84071065215068,-0.953933590622904,-3.06689230454461
1120,0.142,0,2.76499540148176,-0.96189799141848,-3.0609345771833
1120.5,0.142,0,2.689903122864,-0.968818832767288,-3.06435851171542
1121,0.142,0,2.61446404727231,-0.97583931236057,-3.06406148464648
1121.5,0.142,0,2.53752819582315,-0.983419267679834,-3.06347713352263
1122,0.142,0,2.46199347391719,-0.990386544370069,-3.06251114383589
1122.5,0.142,0,2.38725609602327,-0.997766486500825,-3.05606704784395
1123,0.142,0,2.31256441265012,-1.00444862214613,-3.05381724934198
1123.5,0.142,0,2.23839575381553,-1.01094849246465,-3.05761654842361
1124,0.142,0,2.16288297388163,-1.01754330164253,-3.05797048326538
1124.5,0.142,0,2.08602421285163,-1.02418296546332,-3.05922072915839
1125,0.142,0,2.0101085534557,-1.03093279072414,-3.06205568649647
1125.5,0.142,0,1.93412063167087,-1.0378995879507,-3.06164490004511
1126,0.142,0,1.85852491768445,-1.04433159176854,-3.06020202582469
1126.5,0.142,0,1.78324864395756,-1.05087894232533,-3.05966084580213
1127,0.142,0,1.70753987982574,-1.0572584076633,-3.05920684359611
1127.5,0.142,0,1.63241625131757,-1.06343582231867,-3.05912591946188
1128,0.142,0,1.55684377880304,-1.07038999759362,-3.05669793621788
1128.5,0.142,0,1.48107699266721,-1.07704399931912,-3.05605204851499
1129,0.142,0,1.40608156004235,-1.08380644725672,-3.05693578545951
1129.5,0.142,0,1.33096191443778,-1.09048332174913,-3.05718515151526
1130,0.142,0,1.25582496425711,-1.09670916964377,-3.05504551034777
1130.5,0.142,0,1.18072644397268,-1.10330781036125,-3.05662851100061
1131,0.142,0,1.10424685776004,-1.10973382313681,-3.06112403240988
1131.5,0.142,0,1.02881308129512,-1.11588226296694,-3.05930013274548
1132,0.142,0,0.953632962182619,-1.12233306700857,-3.05916159025751
1132.5,0.142,0,0.878590390128624,-1.12859429497967,-3.06016951040796
1133,0.142,0,0.803199448101064,-1.13503761898892,-3.05785769828367
1133.5,0.142,0,0.727934387934622,-1.14167333069109,-3.05836316704525
1134,0.142,0,0.652924228996491,-1.14805290864061,-3.05995133483355
1134.5,0.142,0,0.578558538460278,-1.15406633208741,-3.05971066556073
1135,0.142,0,0.503393376164937,-1.16001026596389,-3.06330505685097
1135.5,0.142,0,0.428195594593222,-1.16709546897657,-3.07183466385225
1136,0.142,0,0.352119222664028,-1.17286774799953,-3.0683490376423
1136.5,0.142,0,0.276118863896124,-1.17853082543968,-3.05920511680429
1137,0.142,0,0.201529264897115,-1.18522764884285,-3.07261786218587
1137.5,0.142,0,0.125433039404733,-1.19233289772633,-3.06890733730419
1138,0.165,-1.003,0.0530102467938339,-1.19554126789885,3.07659390496682
1138.5,0.165,-1.003,-0.0128931062319269,-1.18401927885727,2.7610059503299
1139,0.165,-1.003,-0.0718304773973011,-1.15155409363002,2.4719548971929
1139.5,0.165,-1.003,-0.120368738074573,-1.10531954026548,2.18128383698908
1140,0.165,-1.003,-0.153017237300536,-1.04654769027664,1.88806589137343
1140.5,0.165,-1.003,-0.165768330235958,-0.980030620649192,1.59080640716636
1141,0.165,-1.003,-0.157088987994334,-0.914712566879904,1.29292543303682
1141.5,0.165,-1.003,-0.131654304386547,-0.852781490183195,1.00230134289878
1142,0.165,-1.003,-0.089112382598214,-0.800957436639551,0.696299624544366
1142.5,0.165,-1.003,-0.0317782428655846,-0.763539608108137,0.399198546379409
1143,0.165,-1.003,0.0321263518289713,-0.744504790478659,0.0927480071924466
1143.5,0.142,0,0.101897648688912,-0.74445063852246,-0.135596624130006
1144,0.142,0,0.176686568271939,-0.754352226068654,-0.136130055034118
1144.5,0.142,0,0.252263071797847,-0.764563153768698,-0.141055099703618
1145,0.142,0,0.32666204192769,-0.774103949602461,-0.139243729239658
1145.5,0.142,0,0.401312052651282,-0.783253157157954,-0.132199546720766
1146,0.142,0,0.477270849097853,-0.792313489499642,-0.134532653216061
1146.5,0.142,0,0.552794341459169,-0.801479144931693,-0.136598029284762
1147,0.142,0,0.628455285153088,-0.810649209395632,-0.138593507462075
1147.5,0.142,0,0.704355884179217,-0.819508207298233,-0.144327123530875
1148,0.142,0,0.778357801417834,-0.829394119069447,-0.139316429372823
1148.5,0.142,0,0.853422557859757,-0.838961936568606,-0.140966296127332
1149,0.142,0,0.929181271826379,-0.848619017275569,-0.141831658647774
1149.5,0.142,0,1.00403935896909,-0.858211817112431,-0.141656883727357
1150,0.142,0,1.07956187295648,-0.867744024379353,-0.142858901264155
1150.5,0.142,0,1.15416541326076,-0.877789199931106,-0.144159025120643
1151,0.142,0,1.22936858528294,-0.887739044177651,-0.143070052156158
1151.5,0.142,0,1.30472053508484,-0.89811295237474,-0.139920851091505
1152,0.142,0,1.37903444441275,-0.908458778076274,-0.140072243703172
1152.5,0.142,0,1.45267030695788,-0.918951807079662,-0.13410262343668
1153,0.142,0,1.52740240128077,-0.929444288031219,-0.136266734768912
1153.5,0.142,0,1.60294742280979,-0.939229059636153,-0.138352367793409
1154,0.142,0,1.67630407060131,-0.950240024804804,-0.130380384295723
1154.5,0.142,0,1.75002916202552,-0.961589822883199,-0.124297939607311
1155,0.142,0,1.82492478641172,-0.971920250209004,-0.12542078486596
1155.5,0.142,0,1.90018864766996,-0.983035718823629,-0.119225864704734
1156,0.165,-1.003,1.9744625802468,-0.99269293734441,-0.149812347318168
1156.5,0.165,-1.003,2.03955601198522,-1.00870445804595,-0.410170800451144
1157,0.142,0,2.09716133898335,-1.04372910595698,-0.715166288968662
1157.5,0.142,0,2.15117271847381,-1.09475268926153,-0.789449507656453
1158,0.142,0,2.20485534572096,-1.1484480667481,-0.778666427138574
1158.5,0.142,0,2.25887307684689,-1.201506117836,-0.783003014542273
1159,0.142,0,2.31237864412958,-1.2549714105588,-0.781278562958364
1159.5,0.142,0,2.36568851837489,-1.30855466777236,-0.781960877807272
1160,0.142,0,2.4195640076473,-1.36223773377342,-0.7798091338807
1160.5,0.142,0,2.47315645151322,-1.41586377206893,-0.782120254210974
1161,0.142,0,2.52711158098733,-1.46944771662569,-0.779624360024192
1161.5,0.142,0,2.58101139137597,-1.52284303240259,-0.780565347536371
1162,0.142,0,2.63498454657524,-1.5766724874862,-0.779602401774292
1162.5,0.142,0,2.68864192595866,-1.63035404813743,-0.778625755969995
1163,0.142,0,2.74240989811934,-1.68353558421538,-0.77923825216353
1163.5,0.142,0,2.79533649700044,-1.73692032203706,-0.779158852446676
1164,0.165,-1.003,2.84886209492429,-1.78955255171534,-0.793319061087691
1164.5,0.165,-1.003,2.8933569191305,-1.84180413404762,-1.04285845454591
1165,0.165,-1.003,2.91926923796048,-1.90288544647991,-1.34248523474941
1165.5,0.165,-1.003,2.93066223617932,-1.9689195036817,-1.66924876542793
1166,0.142,0,2.92015910856291,-2.03649824926843,-2.01168293921442
1166.5,0.142,0,2.89013319229637,-2.10494077677963,-2.08028296134484
1167,0.142,0,2.85867151882656,-2.17400063408601,-2.07225181623213
1167.5,0.142,0,2.82691522510534,-2.24318156355836,-2.07412152094267
1168,0.142,0,2.79558453833432,-2.31192740925028,-2.07413490295519
1168.5,0.142,0,2.76445577338875,-2.38143025637965,-2.07528585665898
1169,0.142,0,2.73334465876968,-2.45077963728197,-2.0823090695618
1169.5,0.142,0,2.69549747906894,-2.51794118905569,-2.01301198079237
1170,0.142,0,2.66257585046765,-2.58613787741255,-1.99653841983798
1170.5,0.142,0,2.63194834791266,-2.65463104151891,-2.00614184103832
1171,0.142,0,2.60030816660019,-2.72469312737842,-2.00210263420654
1171.5,0.142,0,2.56861401416598,-2.79362026562773,-2.0013785046144
1172,0.142,0,2.53720495601493,-2.8625644456177,-2.00280311817491
1172.5,0.142,0,2.50590796498605,-2.93124747978626,-2.0036561665448
1173,0.142,0,2.47316459165927,-2.99842327294474,-1.99453466497739
1173.5,0.142,0,2.44158229961181,-3.0678052335436,-1.99527719811122
1174,0.142,0,2.4101439928847,-3.1371832386327,-1.99266071183845
1174.5,0.142,0,2.37884801002031,-3.20717673024896,-1.99570245107131
1175,0.142,0,2.34717216092078,-3.27484879231624,-1.99403369240157
1175.5,0.142,0,2.31568251605835,-3.34283466847007,-2.00493265133885
1176,0.142,0,2.28344364606059,-3.41136511773004,-1.9908070310271
1176.5,0.165,-1.003,2.25378033807839,-3.47824535255762,-2.05941744305413
1177,0.165,-1.003,2.21686972618298,-3.53234847919737,-2.32922719050881
1177.5,0.165,-1.003,2.16596425725694,-3.57486845369966,-2.64576635263452
1178,0.142,0,2.10019309690285,-3.60371489402953,-2.80123993060989
1178.5,0.142,0,2.02703344430924,-3.62817762164079,-2.76581297444625
1179,0.142,0,1.95649823046028,-3.65551366655904,-2.77527444491174
1179.5,0.142,0,1.8850793783108,-3.68174168734334,-2.77148794125086
1180,0.142,0,1.8147002489694,-3.70846952865049,-2.76646175137993
1180.5,0.165,0.902,1.7426380561024,-3.73483409714581,-2.76802514236082
1181,0.165,0.902,1.67969118391943,-3.76382998147676,-2.56724905797652
1181.5,0.165,0.902,1.62993394106229,-3.80563597740638,-2.26833898532682
1182,0.165,0.902,1.59350436682278,-3.86065548374926,-1.96931478831865
1182.5,0.142,0,1.57295300513338,-3.9285500803901,-1.77672682487573
1183,0.142,0,1.55699366053432,-4.00305134522282,-1.79140791255323
1183.5,0.142,0,1.54097746387228,-4.07725847916938,-1.78439960044485
1184,0.142,0,1.52438907425804,-4.15060499924204,-1.79443410164
1184.5,0.142,0,1.50838458916007,-4.2249545709874,-1.7839902507703
1185,0.165,-1.003,1.4901379536515,-4.29455617463626,-1.93584759781882
1185.5,0.165,-1.003,1.45885485175565,-4.35146533447427,-2.25877783030465
1186,0.142,0,1.40929057924454,-4.40138789184136,-2.43141962227975
1186.5,0.142,0,1.35160422255784,-4.45102936740983,-2.43036367387437
1187,0.142,0,1.29458885187804,-4.50037910408949,-2.43708696900778
1187.5,0.142,0,1.23714610740096,-4.54951336529507,-2.427877021102
1188,0.142,0,1.18033737711635,-4.59863023142417,-2.44164111173807
1188.5,0.142,0,1.12234306816483,-4.64836419999441,-2.41912599286182
1189,0.165,-1.003,1.06686713494104,-4.69460836895454,-2.54281181280622
1189.5,0.165,-1.003,1.00834129153637,-4.72467806157592,-2.83763071581575
1190,0.165,-1.003,0.942181542494993,-4.73756273212206,-3.1403470514212
1190.5,0.142,0,0.872121814623745,-4.73114845647201,2.98076387158619
1191,0.142,0,0.796548247716688,-4.7196621145774,2.99982353252965
1191.5,0.142,0,0.722084779388599,-4.70869202279828,2.98952992098508
1192,0.142,0,0.64696336454389,-4.69752639237457,2.999997954332
1192.5,0.142,0,0.571810471497907,-4.68704314214124,2.99227452760156
1193,0.142,0,0.495602277984986,-4.67606891491677,3.00067980047893
1193.5,0.142,0,0.420192063341209,-4.665848068269,2.99712135710613
1194,0.142,0,0.345684523525688,-4.65493855017774,3.00047595695554
1194.5,0.165,-1.003,0.272536363334403,-4.64433899636213,2.95410961097299
1195,0.165,-1.003,0.209843601844869,-4.62479189449029,2.67395931603569
1195.5,0.165,-1.003,0.156180513793552,-4.58463100399395,2.40842443123925
1196,0.165,-1.003,0.112442701168019,-4.53281675909043,2.09708987673049
1196.5,0.142,0,0.0844437415069483,-4.47192921149467,1.8462110136486
1197,0.142,0,0.0636123405959773,-4.39785602122493,1.8548519676906
1197.5,0.142,0,0.0420132845284207,-4.32494388301547,1.8475334993672
1198,0.142,0,0.0213877074692371,-4.25210935587411,1.85527394780594
1198.5,0.142,0,-0.000436823802380984,-4.17996877376222,1.84636246950623
1199,0.142,0,-0.0223001710783954,-4.10852483711504,1.85552461904211
1199.5,0.142,0,-0.0436737648949579,-4.03623675861041,1.85361474067795
1200,0.142,0,-0.0647822378683354,-3.96302815684469,1.85261950287214
1200.5,0.142,0,-0.0855096171149872,-3.89046163857115,1.84960808238483
1201,0.142,0,-0.107756535490138,-3.81667799642064,1.84976407298792
1201.5,0.142,0,-0.129279498790333,-3.74450377659088,1.84562073011701
1202,0.142,0,-0.151308796819549,-3.67116033291333,1.85583729256745
1202.5,0.165,-1.003,-0.170668428736246,-3.60069694857129,1.76727433962663
1203,0.165,-1.003,-0.178745259335193,-3.53442853374687,1.44992900970149
1203.5,0.165,-1.003,-0.167858749628634,-3.47060406920935,1.16144559364024
1204,0.165,-1.003,-0.126241463361142,-3.41584915558418,0.88959704665154
1204.5,0.165,-1.003,-0.0822223427048513,-3.36655909399762,0.599862304404873
1205,0.142,0,-0.023598377185274,-3.33735916127481,0.318620806314213
1205.5,0.142,0,0.0528579650878002,-3.31804862052835,0.222286056646615
1206,0.142,0,0.125737594224023,-3.30172936553596,0.232274326953046
1206.5,0.142,0,0.198049452756172,-3.28582257978489,0.226794862191693
1207,0.142,0,0.271626551798744,-3.26933494401496,0.227988150292637
1207.5,0.142,0,0.345161570192976,-3.25209662366431,0.224482945285756
1208,0.142,0,0.418977531886921,-3.2354155352805,0.226064650692106
1208.5,0.142,0,0.493795812245089,-3.21903350033628,0.225284422184266
1209,0.142,0,0.567777537983617,-3.20215567820242,0.226790284883182
1209.5,0.142,0,0.641736369298982,-3.18551541233524,0.223541128269606
1210,0.142,0,0.715413058198709,-3.16887735534356,0.222195993262121
1210.5,0.142,0,0.789280050288626,-3.15220496154834,0.22189811715273
1211,0.142,0,0.863576207060429,-3.13762038619111,0.230222419170202
1211.5,0.142,0,0.937320678491946,-3.12091670131454,0.231278241460922
1212,0.142,0,1.01134072531836,-3.10396659207867,0.22869735082374
1212.5,0.142,0,1.08502955785616,-3.08730171115743,0.229145328826093
1213,0.142,0,1.15863477258363,-3.07165043234493,0.234292851546537
1213.5,0.142,0,1.23165585149138,-3.05592591922231,0.240369476252848
1214,0.142,0,1.3054245921002,-3.0387567655433,0.239813346404206
1214.5,0.142,0,1.37994120890401,-3.0206084985878,0.235699504024536
1215,0.142,0,1.45414669148004,-3.00442822947507,0.229439597000481
1215.5,0.142,0,1.52779306238286,-2.98784664763559,0.232344492642958
1216,0.142,0,1.60197850924499,-2.97121542940105,0.225659246706684
1216.5,0.142,0,1.67601939233936,-2.95473456317864,0.239741493378617
1217,0.165,-1.003,1.74769721784713,-2.93878284970421,0.162791396869014
1217.5,0.142,0,1.81458689623137,-2.93644462777131,-0.0964865848130367
1218,0.142,0,1.8877196249564,-2.94717926428705,-0.12383056096044
1218.5,0.142,0,1.96274459337781,-2.95775513509555,-0.122885585766872
1219,0.142,0,2.03760717174406,-2.96854437743931,-0.117353718176485
1219.5,0.142,0,2.11211094358177,-2.97881084661232,-0.129755538959432
1220,0.142,0,2.18738509235788,-2.99012337191282,-0.10982208075073
1220.5,0.165,-1.003,2.25892258768876,-3.00067310839973,-0.200183044775621
1221,0.142,0,2.32405591303872,-3.02124612624696,-0.415356388557817
1221.5,0.142,0,2.3919619132764,-3.05328741257248,-0.413981402934176
1222,0.142,0,2.46028326900998,-3.08498073493428,-0.419793865596572
1222.5,0.142,0,2.52919632585541,-3.11746022082354,-0.416114562986737
1223,0.142,0,2.59865275674132,-3.149251011139,-0.419814184985422
1223.5,0.142,0,2.66853968156649,-3.18129308816649,-0.416907121506849
1224,0.142,0,2.73703603654984,-3.21306237561068,-0.423441845611121
1224.5,0.142,0,2.80564461159746,-3.24503948384741,-0.416872263572673
1225,0.142,0,2.874657060871,-3.27739799916113,-0.418585108775346
1225.5,0.142,0,2.94316185410837,-3.308816299763,-0.412687891801188
1226,0.142,0,3.01342456468901,-3.3411440478015,-0.433929302740322
1226.5,0.165,0.902,3.08013344327448,-3.37205309835097,-0.357217433432749
1227,0.165,0.902,3.14488604182669,-3.39042121157606,-0.0577425912593208
1227.5,0.165,0.902,3.21228818798135,-3.38761592381644,0.238590208477854
1228,0.165,0.902,3.27516008100707,-3.36511606059383,0.531104843472197
1228.5,0.165,0.902,3.32878413467949,-3.32219073321591,0.793354651029109
1229,0.165,0.902,3.36655051324265,-3.26569508487455,1.07633334601726
1229.5,0.165,0.902,3.39112608122064,-3.20666746763892,1.38947672281737
1230,0.142,0,3.39675088441461,-3.13683473579401,1.60676305067384
1230.5,0.142,0,3.3930032825184,-3.06149823753098,1.60525552322925
1231,0.142,0,3.38967458818874,-2.9861042339871,1.59794951040996
1231.5,0.142,0,3.38698038448186,-2.91003364977283,1.60047143256488
1232,0.142,0,3.38453702488778,-2.83379499811567,1.60356606047086
1232.5,0.142,0,3.38208358989159,-2.75806075003914,1.59936728387256
1233,0.142,0,3.3798208003815,-2.68235150282547,1.59837555217936
1233.5,0.142,0,3.37693544824297,-2.60605299857917,1.59674181303015
1234,0.142,0,3.37439979103004,-2.52962788331096,1.5925723868417
1234.5,0.142,0,3.37206990239573,-2.45443957529746,1.59085575318682
1235,0.142,0,3.36956008694502,-2.3788293471932,1.58728900525022
1235.5,0.142,0,3.36777138838061,-2.3039397483473,1.58851333436235
1236,0.142,0,3.36745661226068,-2.23100384852581,1.61866751501094
1236.5,0.142,0,3.36436452574273,-2.15391244798104,1.60757892409985
1237,0.142,0,3.36210762115874,-2.07808516197494,1.60827444126619
1237.5,0.142,0,3.36008310700834,-2.00263089012463,1.60482888339042
1238,0.165,-1.003,3.35765598365691,-1.92693877042311,1.58948427740094
1238.5,0.142,0,3.36093197226204,-1.85845800327021,1.33786279981504
1239,0.142,0,3.38245676565109,-1.78750633511967,1.21972003374763
1239.5,0.142,0,3.40736777821377,-1.71472561925631,1.23744387132061
1240,0.142,0,3.43158042344812,-1.64255355949125,1.22367705311343
1240.5,0.142,0,3.45644936996059,-1.57013531331654,1.2294989526076
1241,0.142,0,3.48062609758404,-1.49959056749956,1.23729629231689
1241.5,0.142,0,3.50506295071796,-1.42755800268555,1.23651521000372
1242,0.142,0,3.52980984844279,-1.356216034435,1.23638355844303
1242.5,0.142,0,3.5540176650154,-1.28438783556559,1.23790842704894
1243,0.142,0,3.57877216053214,-1.21259239795637,1.23620302415211
1243.5,0.142,0,3.60317415940322,-1.141361717198,1.23501393324274
1244,0.142,0,3.62687813043227,-1.07133041845551,1.24241134058959
1244.5,0.142,0,3.65158430919454,-1.0003048135469,1.24618401402213
1245,0.142,0,3.67571283659099,-0.92864940599838,1.24629499912893
1245.5,0.142,0,3.70022360995627,-0.857363999919808,1.24065038953646
1246,0.142,0,3.72522029796293,-0.785863480716654,1.24256401404684
1246.5,0.142,0,3.74981753531543,-0.713943399663064,1.2435517085466
1247,0.142,0,3.77461144634251,-0.642766172604082,1.24290589282821
1247.5,0.142,0,3.79886649013617,-0.57161808776352,1.24371983126757
1248,0.142,0,3.82486976587578,-0.500995918353374,1.24737314271954
1248.5,0.165,0.902,3.848581170289,-0.43157620435309,1.26275725624376
1249,0.165,0.902,3.86374017080466,-0.365962916986613,1.53040744536277
1249.5,0.142,0,3.85619196406908,-0.300665002694826,1.80921561714167
1250,0.142,0,3.83510289501639,-0.227476076845705,1.89562031682917
1250.5,0.142,0,3.81272800063663,-0.15579909927626,1.88514340810681
1251,0.142,0,3.78977175510374,-0.0840561588768002,1.88211437062161
1251.5,0.142,0,3.76706892051526,-0.0120109440649517,1.878400533449
1252,0.142,0,3.74423081057812,0.0609920696232204,1.87789102224542
1252.5,0.142,0,3.72072603538317,0.132936356479895,1.87854468937712
1253,0.142,0,3.69768954223119,0.204756020458893,1.88306122901827
1253.5,0.142,0,3.67508314002609,0.277634902864685,1.87973015180215
1254,0.142,0,3.652071573905,0.349389259462424,1.88338286673106
1254.5,0.165,0.902,3.62962493876179,0.422528805906461,1.87204884280526
1255,0.165,0.902,3.60322704195204,0.48566116125134,2.08532696144258
1255.5,0.142,0,3.56207107122069,0.543069685065398,2.22665542500249
1256,0.165,0.902,3.51592557923724,0.60465427123741,2.22964624360434
1256.5,0.165,0.902,3.46921088893964,0.655755980004911,2.47038335639306
1257,0.142,0,3.41323066557115,0.690163210972496,2.77684154849252
1257.5,0.142,0,3.34159673164997,0.709044726198781,2.86563062070532
1258,0.142,0,3.26791237077308,0.729553208782522,2.85609962367271
1258.5,0.142,0,3.19304376368775,0.750361234355218,2.83358580247558
1259,0.142,0,3.12220710153008,0.771510297644983,2.86221334774146
1259.5,0.165,-1.003,3.05136769660351,0.792959420264392,2.73710091759327
1260,0.165,-1.003,2.99270507951318,0.825668255220078,2.42458866535578
1260.5,0.165,-1.003,2.94900842881105,0.874804609044445,2.14526790262277
1261,0.142,0,2.91857314988043,0.935362016777004,1.88306815920451
1261.5,0.142,0,2.89742300558493,1.00731140855193,1.86015909437871
1262,0.142,0,2.87463413004957,1.07960124097759,1.86255585107828
1262.5,0.142,0,2.85279352154937,1.15195769632217,1.86433146059469
1263,0.142,0,2.83159454844503,1.22460415169962,1.86858613034829
1263.5,0.142,0,2.80911816669147,1.29703983658603,1.86884643915973
1264,0.142,0,2.78807777343553,1.36943570424626,1.87354614634125
1264.5,0.142,0,2.76656667848662,1.44108828696655,1.87332851861431
1265,0.142,0,2.74458184955926,1.51274367622268,1.87461741981596
1265.5,0.142,0,2.72280104132189,1.58536826169991,1.8727403544444
1266,0.142,0,2.70165869337244,1.65841861419749,1.8875733043175
1266.5,0.142,0,2.67848803761074,1.73233432427857,1.88311189116502
1267,0.142,0,2.65560112903416,1.805568619791,1.87403964043193
1267.5,0.142,0,2.63274701101682,1.87870256426499,1.86887914657173
1268,0.142,0,2.61027185309688,1.95183283478529,1.86266958222358
1268.5,0.142,0,2.58810673266045,2.02389506393018,1.86820856874377
1269,0.142,0,2.56658043847115,2.09485685960504,1.871257869736
1269.5,0.142,0,2.54578879038538,2.16574244251745,1.8870800555511
1270,0.142,0,2.52482797783266,2.2379723464981,1.89769172039821
1270.5,0.142,0,2.50451781851937,2.31203167515858,1.91697462180154
1271,0.142,0,2.48326788509524,2.38501163062627,1.92797732639469
1271.5,0.142,0,2.46046927085691,2.45698319298493,1.92454433022825
1272,0.142,0,2.43835744954709,2.52990051003095,1.92764581116619
1272.5,0.142,0,2.41488243602908,2.60155692210158,1.91138328534422
1273,0.142,0,2.38538566436756,2.66792046506734,1.81454956700447
1273.5,0.142,0,2.3631618179845,2.74029197050618,1.81018512008731
1274,0.142,0,2.34044663048714,2.8122157997303,1.8117405675543
1274.5,0.142,0,2.31807351398534,2.88431352091949,1.81121497381542
1275,0.142,0,2.29542017253449,2.95642092114059,1.81188835736808
1275.5,0.142,0,2.27274153510941,3.02931572378903,1.80907170280838
1276,0.142,0,2.25001258964853,3.10170801063886,1.81398579148907
1276.5,0.142,0,2.22776748445145,3.17591288188515,1.80165925522042
1277,0.165,0.902,2.20337867470707,3.24163442856228,1.95207180657872
1277.5,0.165,0.902,2.16997567492929,3.30005123253452,2.29909600602912
1278,0.165,0.902,2.11960392985813,3.34593053975228,2.63101286159996
1278.5,0.142,0,2.05328913651045,3.37698652440526,2.79971102344894
1279,0.142,0,1.98083887137325,3.40349217853591,2.78310988826839
1279.5,0.142,0,1.90958788157618,3.42953639645408,2.79034051952076
1280,0.142,0,1.83888157093263,3.45548928157397,2.78400069281044
1280.5,0.142,0,1.76836530073673,3.48117101425855,2.78938520815209
1281,0.142,0,1.69570123211026,3.50335371755525,2.76738602094797
1281.5,0.142,0,1.62403038855781,3.52694021024165,2.76771021984593
1282,0.142,0,1.55412287712458,3.55343902597811,2.77460721448618
1282.5,0.142,0,1.48331898262817,3.57926303321942,2.77825973664902
1283,0.142,0,1.41192885241591,3.60469249870804,2.77746260971502
1283.5,0.142,0,1.34148069196368,3.63045583437152,2.78134913120989
1284,0.142,0,1.27171140408925,3.65488783110389,2.7714557628251
1284.5,0.142,0,1.20189014009495,3.67874207885613,2.7732100196861
1285,0.165,0.902,1.13082133673551,3.70617435636972,2.77462658082521
1285.5,0.165,0.902,1.06365334838955,3.72854318718845,2.98928393296234
1286,0.165,0.902,0.999937134246011,3.73033327277868,-2.97010164500291
1286.5,0.165,0.902,0.936736845701578,3.71451765903857,-2.66796431705972
1287,0.165,0.902,0.878584360568809,3.67794119600589,-2.37534682620385
1287.5,0.165,0.902,0.835172146150408,3.62553721189917,-2.10352922422579
1288,0.142,0,0.810144271262213,3.56276764052305,-1.83514317485374
1288.5,0.142,0,0.801405587521461,3.49284783190821,-1.76664204890927
1289,0.142,0,0.791114459199978,3.41815529156071,-1.79461968242408
1289.5,0.142,0,0.778814190932128,3.34324818204794,-1.78375802288836
1290,0.142,0,0.766015348485383,3.27044207676435,-1.7772288746242
1290.5,0.142,0,0.752893514592748,3.19601952104362,-1.76473174084671
1291,0.142,0,0.740888438401907,3.12125747018498,-1.76969905164669
1291.5,0.142,0,0.729021336342308,3.04721041958421,-1.76537320775054
1292,0.142,0,0.717747457355709,2.97270730757496,-1.77729596146873
1292.5,0.142,0,0.705485878949641,2.89803433305261,-1.75972688246826
1293,0.165,-1.003,0.695541699404708,2.82413192588324,-1.82511632175475
1293.5,0.142,0,0.677159842686731,2.75790857469795,-2.06720412598171
1294,0.142,0,0.643528707522962,2.69189969406886,-2.0712292418233
1294.5,0.142,0,0.610916317914438,2.62202485402909,-2.06874934716866
1295,0.142,0,0.577383340800451,2.55220231460208,-2.07522683517688
1295.5,0.142,0,0.543785140918992,2.4824736422249,-2.08115952103607
1296,0.142,0,0.510882212424118,2.41456141370638,-2.08230976904738
1296.5,0.142,0,0.477025411419133,2.34631589426532,-2.08281739236016
1297,0.142,0,0.446881772037456,2.27817322549196,-2.07883749199591
1297.5,0.142,0,0.414552239419534,2.21185807851733,-2.08120988922041
1298,0.142,0,0.382844088994838,2.14491710250598,-2.07849869485272
1298.5,0.142,0,0.350316839331332,2.07615151244598,-2.07984535280125
1299,0.142,0,0.317094529551702,2.00746316582285,-2.08182181273389
1299.5,0.142,0,0.285040048034623,1.93855464998147,-2.08032412598365
1300,0.142,0,0.252451640573791,1.86959613692742,-2.08331720074939
1300.5,0.142,0,0.220068033412948,1.80125130817566,-2.08423755477645
1301,0.142,0,0.186865550400831,1.73287506420437,-2.08545094150041
1301.5,0.142,0,0.154247617702694,1.66463402377072,-2.08488317108918
1302,0.142,0,0.122028875227609,1.59759718940746,-2.08619694011904
1302.5,0.142,0,0.0897140704422014,1.52960311971031,-2.08758523953423
1303,0.142,0,0.0567474830274209,1.46121320800403,-2.08966855423276
1303.5,0.142,0,0.0247679569936199,1.39264246008079,-2.0955677458974
1304,0.165,0.902,-0.00830458030811569,1.32446222515154,-2.07268342960051
1304.5,0.165,0.902,-0.0292953232992134,1.26108407546383,-1.8119846454632
1305,0.142,0,-0.033394672082535,1.1943755244233,-1.59755132683215
1305.5,0.142,0,-0.0273562917824625,1.11748147856507,-1.6192820436159
1306,0.142,0,-0.0237940996008153,1.04054492951115,-1.61083797230616
1306.5,0.142,0,-0.021214675678839,0.965641193579672,-1.60307304696785
1307,0.142,0,-0.0169645852992172,0.889092673903977,-1.60904732692453
1307.5,0.142,0,-0.0141281114899119,0.815855198286986,-1.58829016988166
1308,0.142,0,-0.0105757617613999,0.739363492238096,-1.58433462131517
1308.5,0.142,0,-0.00675588390344154,0.663420098237571,-1.59837218010585
1309,0.142,0,-0.0033797603860483,0.586843549736537,-1.5979544341748
1309.5,0.142,0,0.000218579546694822,0.512464457258028,-1.60285941043329
1310,0.142,0,0.00325946870072155,0.438003776648802,-1.60360149972157
1310.5,0.142,0,0.00654237939818762,0.361679315386416,-1.60458341408313
1311,0.142,0,0.00973954057135975,0.284240340319872,-1.60329808513708
1311.5,0.142,0,0.0124784274956503,0.208494060064131,-1.58838722954735
1312,0.165,0.902,0.0152542061746468,0.131753954769508,-1.59472318447827
1312.5,0.165,0.902,0.0191708179907033,0.0634621216685509,-1.39228709666736
1313,0.165,0.902,0.0384542115155189,0.00588145555686915,-1.07888010907038
1313.5,0.165,0.902,0.0784680018245585,-0.0435504082702343,-0.810000811218388
1314,0.142,0,0.132499164130924,-0.0910623274209965,-0.60695123930777
1314.5,0.142,0,0.194951243362927,-0.135744421704406,-0.611020302576222
1315,0.142,0,0.256254427577966,-0.177827658525658,-0.612578852098442
1315.5,0.142,0,0.318200517871319,-0.221966412392087,-0.610448824717059
1316,0.142,0,0.380651338309881,-0.265970930889859,-0.603919081402459
1316.5,0.142,0,0.442689596369635,-0.311248702707193,-0.606860823191244
1317,0.142,0,0.505603299323017,-0.354987095446499,-0.607434730618467
1317.5,0.142,0,0.56853371656213,-0.398502120580926,-0.617534006137884
1318,0.142,0,0.629801481387679,-0.442625345445398,-0.606332423429556
1318.5,0.142,0,0.692744784681765,-0.48571024184242,-0.616901638063507
1319,0.142,0,0.753851585669409,-0.52920553437513,-0.603738823855513
1319.5,0.142,0,0.81613426494531,-0.572052742671614,-0.624113161639507
1320,0.165,0.902,0.874847593583936,-0.615067961658119,-0.51558604081066
1320.5,0.142,0,0.93517811724166,-0.643226312205261,-0.24859564741279
1321,0.142,0,1.01067648503032,-0.661787209113505,-0.254922034335756
1321.5,0.142,0,1.08222143374119,-0.681553482173812,-0.231771022142262
1322,0.142,0,1.15615807341593,-0.700844240515126,-0.233468326621975
1322.5,0.142,0,1.22925938941017,-0.720797286354369,-0.227139482316676
1323,0.142,0,1.30267347405084,-0.739572224740041,-0.228782922432521
1323.5,0.142,0,1.37592547586703,-0.758200488380967,-0.231350384029677
1324,0.142,0,1.44927463105009,-0.777820971517028,-0.227951315227706
1324.5,0.142,0,1.52120006292634,-0.797096903395855,-0.22204683390938
1325,0.142,0,1.59321427385576,-0.816392874914899,-0.221230586856968
1325.5,0.142,0,1.6664237183599,-0.835106220385135,-0.228867117284258
1326,0.142,0,1.74001918831888,-0.854556118354032,-0.232818854110138
1326.5,0.142,0,1.81272759505234,-0.87422797005036,-0.234452434250857
1327,0.142,0,1.88579341844908,-0.894131023527872,-0.234080378193755
1327.5,0.142,0,1.95874784296936,-0.913552251366156,-0.239260448553075
1328,0.142,0,2.03243049802217,-0.933019828048436,-0.238328349429186
1328.5,0.142,0,2.10585387398356,-0.952512311511209,-0.24380030494347
1329,0.142,0,2.17946768833737,-0.97216356821454,-0.241426897368786
1329.5,0.142,0,2.25199480547616,-0.99208631804922,-0.241856349361176
1330,0.165,-1.003,2.32556466951588,-1.01158185766459,-0.251849055539651
1330.5,0.165,-1.003,2.38831076321592,-1.03471588204592,-0.487101550574126
1331,0.142,0,2.44613977321822,-1.07484118250116,-0.745803419980363
1331.5,0.142,0,2.50226579609142,-1.12678772532184,-0.761258495821678
1332,0.142,0,2.55763354695911,-1.17868286339052,-0.763317067184461
1332.5,0.142,0,2.61282382042067,-1.23147129899745,-0.763965267923037
1333,0.165,-1.003,2.66720919016171,-1.28359822179478,-0.767456704224417
1333.5,0.165,-1.003,2.71290078440382,-1.33532281314072,-1.00274090977088
1334,0.165,-1.003,2.74109295641365,-1.39459738360274,-1.30848687438524
1334.5,0.142,0,2.75171707130025,-1.46209535860798,-1.60648570628233
1335,0.142,0,2.74051298117029,-1.5369370157059,-1.65267850031765
1335.5,0.142,0,2.73073643250423,-1.61254803920052,-1.62502163656843
1336,0.142,0,2.72268171659252,-1.68726977627894,-1.64110708537408
1336.5,0.142,0,2.71413970007603,-1.76231780632853,-1.63205329339613
1337,0.142,0,2.70580354468585,-1.8376505682272,-1.63668236275878
1337.5,0.142,0,2.69756737744802,-1.91275171994288,-1.63142949535055
1338,0.142,0,2.6895129193572,-1.98759476345312,-1.63042928722902
1338.5,0.142,0,2.68110118440322,-2.06330284654409,-1.6316412832204
1339,0.142,0,2.672534397298,-2.13845187351803,-1.62828275407672
1339.5,0.142,0,2.66373914785561,-2.21417423523498,-1.6261762406943
1340,0.142,0,2.65480665545999,-2.28914292449416,-1.62296244540966
1340.5,0.142,0,2.64678609901649,-2.36420299863626,-1.62491755975222
1341,0.142,0,2.63794708346106,-2.43864369484502,-1.62191941043796
1341.5,0.142,0,2.63062425554415,-2.51543101604124,-1.63397837100955
1342,0.142,0,2.62314856751953,-2.59174801948791,-1.64954886596911
1342.5,0.142,0,2.61422907918158,-2.66730715454645,-1.64025386496272
1343,0.142,0,2.60563399397616,-2.74245851078475,-1.64473638278123
1343.5,0.142,0,2.59740086710118,-2.81969584369409,-1.63269084788125
1344,0.165,-1.003,2.58567552025925,-2.8890340576943,-1.75499699113948
1344.5,0.165,-1.003,2.56347998521396,-2.94822533259029,-2.07805551813677
1345,0.165,-1.003,2.52605970869715,-3.00025702176975,-2.40895824030861
1345.5,0.165,-1.003,2.46928060006754,-3.03788734124349,-2.67820378248502
1346,0.165,-1.003,2.40528574949441,-3.05932381608293,-3.00076488497565
1346.5,0.142,0,2.33616117637304,-3.06509596379351,3.07930311181534
1347,0.142,0,2.26025469428557,-3.06141186723564,3.1043904253323
1347.5,0.142,0,2.18530278294001,-3.05994677083214,3.0996712168684
1348,0.142,0,2.10949431565043,-3.057889544606,3.10561851996573
1348.5,0.142,0,2.03385377278866,-3.05524904376618,3.10105865157434
1349,0.142,0,1.95784578961312,-3.05303350351834,3.10410311653641
1349.5,0.142,0,1.88212288332417,-3.05020649179662,3.10549214115436
1350,0.142,0,1.80651327991948,-3.04797171215054,3.10770351180811
1350.5,0.142,0,1.73022800630339,-3.04562438723939,3.10657545812435
1351,0.142,0,1.654168380152,-3.04355721813698,3.10804215512778
1351.5,0.142,0,1.57875007655933,-3.04148270696659,3.10845080940136
1352,0.142,0,1.5030935574526,-3.03895614961317,3.10711167890355
1352.5,0.142,0,1.42750176285104,-3.03637007135266,3.1111064472685
1353,0.142,0,1.35178700218867,-3.03421737290825,3.11088167406862
1353.5,0.142,0,1.27618792949071,-3.03216788013785,3.10876966037685
1354,0.142,0,1.20075651929755,-3.02981172637718,3.11046658707438
1354.5,0.142,0,1.1254058352354,-3.02771576303733,3.11006483180791
1355,0.142,0,1.0498276316392,-3.02548087371982,3.11171381637622
1355.5,0.142,0,0.974237332111976,-3.02320307597172,3.11279224720616
1356,0.142,0,0.898662736393136,-3.02094864692696,3.11250495482267
1356.5,0.142,0,0.822114607903589,-3.0187539716381,3.11449929353772
1357,0.142,0,0.745687215241045,-3.01663230838379,3.11319863270421
1357.5,0.142,0,0.670050726146117,-3.01407573946089,3.11816841431603
1358,0.142,0,0.594298445366265,-3.01193851695118,3.11474323527549
1358.5,0.142,0,0.519284802225508,-3.00973408313324,3.12577802525816
1359,0.142,0,0.442944206880236,-3.00780731536907,3.11007906380275
1359.5,0.165,0.902,0.372563630728501,-3.00775199950811,-3.03778140129047
1360,0.165,0.902,0.309954778061012,-3.02267663803746,-2.72814794736338
1360.5,0.165,0.902,0.251563436587204,-3.05663392271408,-2.43923997440806
1361,0.165,0.902,0.20596439964337,-3.10644325693274,-2.13962110708946
1361.5,0.165,0.902,0.17642316273478,-3.16681004825725,-1.84495769727118
1362,0.165,0.902,0.16713713328772,-3.23530536622587,-1.56389516053778
1362.5,0.165,0.902,0.180550004407891,-3.31432778742508,-1.26664266467125
1363,0.165,0.902,0.209586214428688,-3.36899961994304,-0.964997521799907
1363.5,0.165,0.902,0.251883858037596,-3.4102778218917,-0.696241424609139
1364,0.165,0.902,0.305736911728143,-3.44441425110909,-0.379132575155156
1364.5,0,0,0.330566844285125,-3.45241166336361,-0.22879243124022
1365,0,0,0.331904070061005,-3.45242302143644,-0.246887067662616
1365.5,0,0,0.331754298201074,-3.45220583082503,-0.237877957541514
1366,0,0,0.331207617362141,-3.45206023731542,-0.243207213459202
1366.5,0.142,0,0.337152652768337,-3.45400916724739,-0.239192372159016
1367,0.142,0,0.397009106542235,-3.46981320736637,-0.238730393390439
1367.5,0.142,0,0.471003785877058,-3.48857865241469,-0.238128851717212
1368,0.142,0,0.543913367271824,-3.50729870391828,-0.241309757500431
1368.5,0.142,0,0.617873028240029,-3.52627868710072,-0.239823115700045
1369,0.142,0,0.690742268155391,-3.54504022678191,-0.237139914879999
1369.5,0.142,0,0.763966523132361,-3.56385162114293,-0.239501855273132
1370,0.142,0,0.837055210467791,-3.5827062983389,-0.239013211288568
1370.5,0.142,0,0.910486496722399,-3.6017449772412,-0.238182226664573
1371,0.142,0,0.983306471273354,-3.62092543235394,-0.237998481527619
1371.5,0.142,0,1.05657757228725,-3.63959160382743,-0.236454839613189
1372,0.142,0,1.12993184586587,-3.65858773406825,-0.237068724406498
1372.5,0.142,0,1.20349885190731,-3.67754789034528,-0.237625166958472
1373,0.142,0,1.27532422469049,-3.69582060104395,-0.249241635594534
1373.5,0.142,0,1.34864051979964,-3.71542652031351,-0.254938044127579
1374,0.142,0,1.42151339628134,-3.7341365062855,-0.253419780650926
1374.5,0.142,0,1.49537920671891,-3.75341979173623,-0.257768811830389
1375,0.142,0,1.56883154497685,-3.77234118258511,-0.258377479371187
1375.5,0.142,0,1.64139165672829,-3.7910047902367,-0.255633290882757
1376,0.142,0,1.71398070187489,-3.81001763601438,-0.25456613699405
1376.5,0.142,0,1.78742879149635,-3.82896406777134,-0.256235252631126
1377,0.142,0,1.86042944388216,-3.8479334984977,-0.254489011003843
1377.5,0.142,0,1.93339816295843,-3.86818189720223,-0.250002731245546
1378,0.142,0,2.00648505636277,-3.8880317085472,-0.245290960031684
1378.5,0.142,0,2.07988878251838,-3.90676448180924,-0.242481161107131
1379,0.142,0,2.1543117407041,-3.92634744891192,-0.244734301059778
1379.5,0.142,0,2.22778180563937,-3.94509067219691,-0.243531536784347
1380,0.142,0,2.30106903237533,-3.9644627479729,-0.247088109631469
1380.5,0.142,0,2.3738275112941,-3.98351937645274,-0.242773184324255
1381,0.142,0,2.44679920032236,-4.00260039877126,-0.2489368033415
1381.5,0.142,0,2.52023184439056,-4.02230846106814,-0.235117710262025
